#7002620140101000023 124
21101300B   12  -193B   20   75   92
10100000   111B -187B   17   90  154
20 98300 -9999  -179B   12-9999-9999
20 96900 -9999  -165B    5-9999-9999
20 96600 -9999  -151B   27-9999-9999
20 96200 -9999  -111B  100-9999-9999
20 96000 -9999   -99B  130-9999-9999
20 94300 -9999   -67B  210-9999-9999
20 93800 -9999   -47B  250-9999-9999
20 93500 -9999   -45B  260-9999-9999
20 93100 -9999   -43B  280-9999-9999
10 92500   707B  -45B  280  110  123
20 85700 -9999   -69B  280-9999-9999
20 85600 -9999   -69B  280-9999-9999
10 85000  1369B  -73B  280-9999-9999
20 82900 -9999   -87B  280-9999-9999
20 81300 -9999   -87B  310-9999-9999
20 81200 -9999   -87B  310-9999-9999
20 79100 -9999  -101B  310-9999-9999
10 70000  2856B -163B  290  120  144
20 56400 -9999  -277B  260-9999-9999
20 54200 -9999  -289B  290-9999-9999
10 50000  5300B -337B  260  130   66
20 48700 -9999  -353B  250-9999-9999
20 40800 -9999  -443B  160-9999-9999
10 40000  6830B -453B  200  135   66
20 39800 -9999  -455B  200-9999-9999
20 37600 -9999  -487B  140-9999-9999
20 35400 -9999  -509B  140-9999-9999
20 33800 -9999  -527B   70-9999-9999
20 33100 -9999  -537B   80-9999-9999
20 32300 -9999  -547B   60-9999-9999
22 30300 -9999  -569B   60  135  154
10 30000  8690B -567B   70  135  159
20 29500 -9999  -571B   70-9999-9999
20 27900 -9999  -565B  150-9999-9999
20 27000 -9999  -573B  170-9999-9999
20 25800 -9999  -567B  190-9999-9999
10 25000  9850B -583B  180  175   77
20 23700 -9999  -585B  180-9999-9999
20 20700 -9999  -569B  230-9999-9999
10 20000 11250B -573B  220  215  102
20 19900 -9999  -573B  220-9999-9999
20 16300 -9999  -563B  280-9999-9999
20 15500 -9999  -573B  280-9999-9999
10 15000 13080B -567B  280  225  128
20 14800 -9999  -565B  280-9999-9999
20 13800 -9999  -583B  280-9999-9999
20 13100 -9999  -585B  280-9999-9999
20 11700 -9999  -573B  290-9999-9999
20 10900 -9999  -589B  280-9999-9999
20 10500 -9999  -581B  280-9999-9999
10 10000 15630B -589B  280  250  211
20  7650 -9999  -607B  280-9999-9999
20  7010 -9999  -597B  280-9999-9999
10  7000 17860B -599B  280  260  288
20  5990 -9999  -619B  270-9999-9999
20  5730 -9999  -601B  280-9999-9999
10  5000 19950B -633B  270  265  406
20  4890 -9999  -637B  270-9999-9999
20  3859 -9999  -631B  270-9999-9999
20  3690 -9999  -643B  260-9999-9999
20  3550 -9999  -629B  270-9999-9999
20  3070 -9999  -655B  260-9999-9999
10  3000 23080B -649B  260  285  643
20  2550 -9999  -633B  270-9999-9999
20  2390 -9999  -645B  270-9999-9999
20  2150 -9999  -633B  280-9999-9999
10  2000 25560B -661B  260  285  746
20  1910 -9999  -675B  260-9999-9999
20  1770 -9999  -663B  260-9999-9999
20  1520 -9999  -683B  250-9999-9999
20  1330 -9999  -659B  260-9999-9999
20  1130 -9999  -663B  270-9999-9999
20  1040 -9999  -615B  290-9999-9999
10  1000 29760B -631B  280  300 1050
20   980 -9999  -639B  270-9999-9999
20   900 -9999  -643B  270-9999-9999
30   790 -9999 -9999 -9999  300 1184
20   750 -9999  -591A  300-9999-9999
10   700 31970B -587A  300  305 1158
20   680 -9999  -597A  290-9999-9999
30 -9999   304 -9999 -9999  115  195
30 -9999   609 -9999 -9999  115  123
30 -9999   914 -9999 -9999  110  133
30 -9999  1219 -9999 -9999  105  128
30 -9999  1828 -9999 -9999  120  149
30 -9999  2438 -9999 -9999  125  133
30 -9999  2743 -9999 -9999  115  149
30 -9999  3657 -9999 -9999  110  149
30 -9999  3962 -9999 -9999  125  159
30 -9999  4267 -9999 -9999  130  144
30 -9999  4572 -9999 -9999  145  108
30 -9999  4876 -9999 -9999  140   72
30 -9999  5181 -9999 -9999  120   87
30 -9999  5486 -9999 -9999  130   61
30 -9999  6096 -9999 -9999  110   82
30 -9999  7010 -9999 -9999  140   61
30 -9999  7315 -9999 -9999  140   92
30 -9999  7620 -9999 -9999  130  108
30 -9999  8839 -9999 -9999  135  159
30 -9999  9144 -9999 -9999  145  123
30 -9999  9448 -9999 -9999  135  123
30 -9999  9753 -9999 -9999  170   92
30 -9999 10058 -9999 -9999  170   72
30 -9999 10668 -9999 -9999  200   66
30 -9999 15240 -9999 -9999  235  231
30 -9999 16764 -9999 -9999  260  267
30 -9999 17068 -9999 -9999  260  216
30 -9999 18288 -9999 -9999  265  319
30 -9999 19202 -9999 -9999  265  360
30 -9999 19507 -9999 -9999  270  319
30 -9999 20421 -9999 -9999  265  483
30 -9999 21336 -9999 -9999  265  530
30 -9999 23774 -9999 -9999  285  628
30 -9999 24384 -9999 -9999  280  705
30 -9999 24993 -9999 -9999  285  777
30 -9999 26517 -9999 -9999  290  777
30 -9999 27432 -9999 -9999  295  900
30 -9999 28956 -9999 -9999  300  931
30 -9999 29565 -9999 -9999  300 1060
30 -9999 30480 -9999 -9999  300 1050
30 -9999 31089 -9999 -9999  300 1184
30 -9999 32004 -9999 -9999  310 1153
