#7002620140101121123 127
21101000B   12  -185B   39   70  118
20100800 -9999  -185B   29-9999-9999
10100000    87B -181B   33   80  175
20 97600 -9999  -183B   22-9999-9999
20 96800 -9999  -153B   12-9999-9999
20 96200 -9999  -135B   24-9999-9999
20 95600 -9999   -95B  110-9999-9999
20 95200 -9999   -83B  140-9999-9999
20 92900 -9999   -69B  210-9999-9999
10 92500   681B  -63B  220  100  200
20 91700 -9999   -49B  260-9999-9999
20 88300 -9999   -41B  330-9999-9999
20 87900 -9999   -43B  330-9999-9999
10 85000  1345B  -57B  320  105  159
20 81800 -9999   -79B  300-9999-9999
20 80100 -9999   -81B  320-9999-9999
20 72600 -9999  -143B  280-9999-9999
10 70000  2837B -161B  290  110  154
20 67300 -9999  -175B  270-9999-9999
20 60300 -9999  -247B  240-9999-9999
20 57600 -9999  -257B  270-9999-9999
20 53500 -9999  -291B  280-9999-9999
20 51100 -9999  -321B  260-9999-9999
10 50000  5290B -333B  150  140   72
20 49700 -9999  -337B  150-9999-9999
20 49600 -9999  -339B  150-9999-9999
20 48500 -9999  -353B  150-9999-9999
20 48000 -9999  -359B  210-9999-9999
20 45600 -9999  -389B  200-9999-9999
20 40500 -9999  -459B  100-9999-9999
10 40000  6810B -463B  100  165   41
20 39600 -9999  -469B  100-9999-9999
20 36800 -9999  -475B  180-9999-9999
20 34500 -9999  -491B  170-9999-9999
20 30300 -9999  -535B  170-9999-9999
10 30000  8690B -539B  160  235   87
20 29100 -9999  -549B  130-9999-9999
20 28100 -9999  -549B  130-9999-9999
10 25000  9850B -583B  140  210  113
20 23100 -9999  -585B  140-9999-9999
22 22300 -9999  -599B  140  205  123
20 21700 -9999  -579B  160-9999-9999
20 20700 -9999  -571B  220-9999-9999
20 20100 -9999  -577B  240-9999-9999
10 20000 11250B -577B  240  240   82
20 16900 -9999  -571B  270-9999-9999
20 16500 -9999  -579B  270-9999-9999
20 16100 -9999  -571B  270-9999-9999
20 15100 -9999  -583B  270-9999-9999
10 15000 13070B -583B  270  240  138
20 13800 -9999  -585B  270-9999-9999
20 13200 -9999  -575B  280-9999-9999
20 12200 -9999  -585B  280-9999-9999
20 11500 -9999  -577B  280-9999-9999
20 11000 -9999  -587B  280-9999-9999
10 10000 15620B -591B  280  250  211
10  7000 17850B -599B  280  265  324
20  6590 -9999  -593B  290-9999-9999
20  5770 -9999  -617B  280-9999-9999
20  5330 -9999  -597B  290-9999-9999
10  5000 19950B -607B  280  265  401
20  4230 -9999  -623B  280-9999-9999
20  3559 -9999  -603B  290-9999-9999
20  3290 -9999  -627B  280-9999-9999
20  3160 -9999  -605B  290-9999-9999
10  3000 23110B -613B  290  270  622
20  2720 -9999  -605B  290-9999-9999
20  2530 -9999  -621B  280-9999-9999
20  2240 -9999  -615B  290-9999-9999
10  2000 25620B -631B  280  285  839
20  1910 -9999  -647B  270-9999-9999
20  1840 -9999  -621B  290-9999-9999
20  1600 -9999  -605B  290-9999-9999
20  1310 -9999  -623B  290-9999-9999
20  1060 -9999  -575B  310-9999-9999
10  1000 29930B -585B  300  300 1024
20   889 -9999  -597A  300-9999-9999
20   830 -9999  -583A  300-9999-9999
20   730 -9999  -615A  290-9999-9999
20   700 32160B -587A  300  305 1209
20   660 -9999  -585A  300-9999-9999
30 -9999   304 -9999 -9999  100  226
30 -9999   914 -9999 -9999  105  169
30 -9999  1828 -9999 -9999  115  154
30 -9999  2133 -9999 -9999  110  169
30 -9999  2438 -9999 -9999  115  169
30 -9999  2743 -9999 -9999  110  154
30 -9999  3048 -9999 -9999  105  164
30 -9999  3657 -9999 -9999  125  144
30 -9999  3962 -9999 -9999  120  128
30 -9999  4267 -9999 -9999  140  113
30 -9999  4572 -9999 -9999  120   82
30 -9999  4876 -9999 -9999  130   77
30 -9999  5181 -9999 -9999  140   72
30 -9999  5486 -9999 -9999  130   66
30 -9999  5791 -9999 -9999  160   51
30 -9999  6096 -9999 -9999  155   56
30 -9999  6400 -9999 -9999  140   20
30 -9999  7620 -9999 -9999  220   72
30 -9999  8839 -9999 -9999  240   82
30 -9999  9144 -9999 -9999  210   82
30 -9999 10363 -9999 -9999  190  133
30 -9999 11277 -9999 -9999  240   77
30 -9999 11887 -9999 -9999  225  108
30 -9999 12801 -9999 -9999  230  159
30 -9999 13106 -9999 -9999  245  144
30 -9999 13411 -9999 -9999  230  108
30 -9999 14020 -9999 -9999  235  200
30 -9999 14630 -9999 -9999  240  149
30 -9999 15240 -9999 -9999  245  231
30 -9999 17678 -9999 -9999  265  339
30 -9999 18288 -9999 -9999  265  344
30 -9999 18592 -9999 -9999  265  375
30 -9999 18897 -9999 -9999  270  344
30 -9999 19812 -9999 -9999  265  432
30 -9999 20116 -9999 -9999  265  386
30 -9999 21336 -9999 -9999  265  473
30 -9999 24384 -9999 -9999  285  725
30 -9999 25603 -9999 -9999  285  839
30 -9999 26822 -9999 -9999  290  870
30 -9999 27432 -9999 -9999  295  931
30 -9999 28346 -9999 -9999  295 1024
30 -9999 28956 -9999 -9999  295  957
30 -9999 29565 -9999 -9999  300 1055
30 -9999 29870 -9999 -9999  300 1019
30 -9999 31089 -9999 -9999  300 1173
30 -9999 32004 -9999 -9999  305 1209
