#7041420140101002344  57
21 99200B   44    16B   70  280   82
10 92500   595B  -37B   49  270  108
20 87800 -9999   -75B   31-9999-9999
10 85000  1256B  -89B  150  280   92
20 84900 -9999   -89B  160-9999-9999
10 70000  2728B -197B  150  265  123
20 62500 -9999  -257B  180-9999-9999
20 62000 -9999  -251B  210-9999-9999
20 53200 -9999  -319B  190-9999-9999
10 50000  5150B -357B  120  245  149
20 48000 -9999  -383B  100-9999-9999
20 45000 -9999  -421B  120-9999-9999
10 40000  6660B -467B  180  245  216
20 38800 -9999  -479B  190-9999-9999
20 35500 -9999  -499B  200-9999-9999
30 33100 -9999 -9999 -9999  240  344
22 30100 -9999  -571B  160  245  339
10 30000  8530B -571B  160  245  339
20 25700 -9999  -529B  280-9999-9999
10 25000  9690B -537B  280  260  185
20 22400 -9999  -541B  330-9999-9999
10 20000 11130B -489B  380  240  231
20 17900 -9999  -465B  390-9999-9999
22 15900 -9999  -501B  380  245  175
20 15200 -9999  -501B  380-9999-9999
10 15000 13030B -501B  380  245  236
20 11200 -9999  -407B  410-9999-9999
30 -9999   304 -9999 -9999  270   97
30 -9999   609 -9999 -9999  270  108
30 -9999   914 -9999 -9999  265  108
30 -9999  1219 -9999 -9999  280   92
30 -9999  1828 -9999 -9999  260  123
30 -9999  2133 -9999 -9999  265  118
30 -9999  2438 -9999 -9999  260  123
30 -9999  2743 -9999 -9999  265  123
30 -9999  3048 -9999 -9999  265  113
30 -9999  3352 -9999 -9999  235   92
30 -9999  3657 -9999 -9999  230  113
30 -9999  3962 -9999 -9999  240  102
30 -9999  4267 -9999 -9999  240  138
30 -9999  4572 -9999 -9999  245  164
30 -9999  4876 -9999 -9999  245  154
30 -9999  5791 -9999 -9999  245  113
30 -9999  6096 -9999 -9999  240  149
30 -9999  7315 -9999 -9999  250  298
30 -9999  7620 -9999 -9999  245  319
30 -9999  7924 -9999 -9999  240  344
30 -9999  8534 -9999 -9999  245  339
30 -9999  9144 -9999 -9999  250  267
30 -9999  9753 -9999 -9999  255  185
30 -9999 10668 -9999 -9999  245  226
30 -9999 11582 -9999 -9999  235  257
30 -9999 12192 -9999 -9999  240  164
30 -9999 13411 -9999 -9999  245  247
30 -9999 14325 -9999 -9999  245  262
30 -9999 14630 -9999 -9999  230  216
30 -9999 15240 -9999 -9999  235  288
