#7041420140101121156  55
21 99100B   44     6B   70   30   30
10 92500   584B  -37B   30   20   51
20 89000 -9999   -67B   12-9999-9999
20 85300 -9999   -93B   16-9999-9999
10 85000  1244B  -95B   22   20   25
20 79500 -9999  -117B  150-9999-9999
20 77800 -9999  -129B  160-9999-9999
20 70300 -9999  -187B  140-9999-9999
10 70000  2720B -189B  130  325   30
20 64300 -9999  -227B   28-9999-9999
20 55700 -9999  -301B   38-9999-9999
20 50100 -9999  -323B   37-9999-9999
10 50000  5150B -323B   37  210  159
20 40300 -9999  -435B   41-9999-9999
10 40000  6690B -435B   40  195  257
20 35900 -9999  -479B   42-9999-9999
30 32300 -9999 -9999 -9999  190  360
20 30500 -9999  -573B   29-9999-9999
10 30000  8570B -583B   33  190  344
22 29200 -9999  -595B   38  195  360
20 26900 -9999  -601B  120-9999-9999
20 26200 -9999  -571B  170-9999-9999
10 25000  9710B -549B  220  225  195
20 24200 -9999  -533B  270-9999-9999
10 20000 11160B -513B  360  230  159
10 15000 13040B -479B  390  240  211
20 11300 -9999  -455B  390-9999-9999
30 -9999   304 -9999 -9999   30   46
30 -9999   609 -9999 -9999   20   51
30 -9999   914 -9999 -9999   15   41
30 -9999  1219 -9999 -9999   15   25
30 -9999  1828 -9999 -9999  320   36
30 -9999  2133 -9999 -9999  325   25
30 -9999  2438 -9999 -9999  340   15
30 -9999  2743 -9999 -9999  310   51
30 -9999  3352 -9999 -9999  220   51
30 -9999  3657 -9999 -9999  210   61
30 -9999  3962 -9999 -9999  230   56
30 -9999  4267 -9999 -9999  215   82
30 -9999  4876 -9999 -9999  200  138
30 -9999  5181 -9999 -9999  215  154
30 -9999  5486 -9999 -9999  200  169
30 -9999  6096 -9999 -9999  215  185
30 -9999  6400 -9999 -9999  210  185
30 -9999  7010 -9999 -9999  195  267
30 -9999  7620 -9999 -9999  200  314
30 -9999  8229 -9999 -9999  190  360
30 -9999  8839 -9999 -9999  195  360
30 -9999  9144 -9999 -9999  210  319
30 -9999  9448 -9999 -9999  210  211
30 -9999 10363 -9999 -9999  235  164
30 -9999 10668 -9999 -9999  235  159
30 -9999 12192 -9999 -9999  220  200
30 -9999 13106 -9999 -9999  240  211
30 -9999 15240 -9999 -9999  240  221
