#7224020140101121105 164
21102300B   10    72B    4  100   20
20100600 -9999    62B    4-9999-9999
10100000   193B   70B    3  155   77
20 99800 -9999    74B    3-9999-9999
20 97100 -9999    86B    3-9999-9999
20 96200 -9999    96B   48-9999-9999
20 95400 -9999   100B   80-9999-9999
20 94800 -9999   108B  129-9999-9999
20 94000 -9999   124B  180-9999-9999
10 92500   841B  128B  149  215   36
20 91800 -9999   126B  129-9999-9999
20 91000 -9999   124B   61-9999-9999
20 90500 -9999   124B   61-9999-9999
20 87300 -9999   110B   90-9999-9999
20 86700 -9999   108B   80-9999-9999
10 85000  1548B   92B   45  255   87
20 83100 -9999    76B   22-9999-9999
20 80100 -9999    50B    9-9999-9999
20 75700 -9999    28B    3-9999-9999
10 70000  3129B    4B    3  225  118
20 69400 -9999     2B    4-9999-9999
20 64200 -9999   -35B    2-9999-9999
20 63200 -9999   -29B   10-9999-9999
20 62700 -9999   -35B   13-9999-9999
20 62100 -9999   -43B   32-9999-9999
20 61400 -9999   -47B   26-9999-9999
20 61100 -9999   -49B   60-9999-9999
20 60600 -9999   -53B   70-9999-9999
20 60100 -9999   -57B   32-9999-9999
20 59100 -9999   -67B   17-9999-9999
20 58600 -9999   -69B   13-9999-9999
20 58000 -9999   -69B   44-9999-9999
20 56900 -9999   -81B   49-9999-9999
20 55800 -9999   -91B   18-9999-9999
20 52900 -9999  -105B   10-9999-9999
20 51500 -9999  -111B   47-9999-9999
20 50900 -9999  -117B   42-9999-9999
20 50700 -9999  -117B   50-9999-9999
20 50500 -9999  -113B  140-9999-9999
20 50400 -9999  -113B  180-9999-9999
20 50300 -9999  -113B  150-9999-9999
10 50000  5760B -113B   26  245  324
20 49800 -9999  -115B   21-9999-9999
20 48800 -9999  -125B   27-9999-9999
20 48400 -9999  -129B   60-9999-9999
20 47900 -9999  -137B   80-9999-9999
20 46700 -9999  -147B   21-9999-9999
20 45700 -9999  -161B   10-9999-9999
20 42900 -9999  -189B   27-9999-9999
20 41500 -9999  -209B   14-9999-9999
10 40000  7440B -227B   17  230  365
20 38500 -9999  -249B   19-9999-9999
20 37700 -9999  -259B   12-9999-9999
20 34100 -9999  -313B   33-9999-9999
20 30800 -9999  -363B   25-9999-9999
20 30200 -9999  -375B   37-9999-9999
10 30000  9490B -379B   37  235  437
20 28900 -9999  -397B   36-9999-9999
20 27900 -9999  -411B   22-9999-9999
20 27500 -9999  -419B   33-9999-9999
20 26800 -9999  -435B   43-9999-9999
10 25000 10720B -473B   35  245  514
20 24800 -9999  -477B   35-9999-9999
20 23400 -9999  -507B   50-9999-9999
20 21100 -9999  -567B   48-9999-9999
10 20000 12160B -583B   41  240  581
20 19900 -9999  -581B   40-9999-9999
30 19000 -9999 -9999 -9999  240  586
20 18900 -9999  -609B   30-9999-9999
20 18300 -9999  -609B   34-9999-9999
20 17200 -9999  -635B   46-9999-9999
20 16400 -9999  -633B   90-9999-9999
20 15500 -9999  -625B  150-9999-9999
10 15000 13940B -637B  160  245  519
20 14900 -9999  -639B  160-9999-9999
20 14600 -9999  -637B  170-9999-9999
20 13900 -9999  -657B  180-9999-9999
20 13100 -9999  -661B  180-9999-9999
20 10600 -9999  -717B  180-9999-9999
20 10500 -9999  -711B  180-9999-9999
22 10100 -9999  -729B  170  260  355
10 10000 16370B -723B  170  255  344
20  9800 -9999  -707B  170-9999-9999
20  8550 -9999  -731B  160-9999-9999
20  8360 -9999  -707B  170-9999-9999
20  7719 -9999  -721B  160-9999-9999
20  7580 -9999  -701B  170-9999-9999
10  7000 18480B -703B  170  255  195
20  6710 -9999  -717B  170-9999-9999
20  6350 -9999  -685B  180-9999-9999
20  5820 -9999  -665B  190-9999-9999
20  5400 -9999  -695B  190-9999-9999
20  5090 -9999  -673B  200-9999-9999
20  5010 -9999  -653B  210-9999-9999
10  5000 20490B -653B  210  275  205
20  4910 -9999  -657B  210-9999-9999
20  4740 -9999  -635B  220-9999-9999
20  4590 -9999  -643B  220-9999-9999
20  4530 -9999  -625B  230-9999-9999
20  4410 -9999  -621B  230-9999-9999
20  4150 -9999  -639B  230-9999-9999
20  3520 -9999  -635B  240-9999-9999
20  3190 -9999  -577B  260-9999-9999
10  3000 23650B -577B  260  265  175
20  2620 -9999  -589B  260-9999-9999
20  2580 -9999  -575B  260-9999-9999
20  2280 -9999  -563B  260-9999-9999
10  2000 26220B -497B  290  245  221
20  1990 -9999  -497B  290-9999-9999
20  1620 -9999  -499B  290-9999-9999
20  1520 -9999  -465B  310-9999-9999
20  1390 -9999  -465B  320-9999-9999
20  1330 -9999  -437B  340-9999-9999
30  1270 -9999 -9999 -9999  265  370
20  1220 -9999  -445B  330-9999-9999
20  1170 -9999  -425B  350-9999-9999
20  1020 -9999  -463B  330-9999-9999
10  1000 30820B -463B  330  255  308
20   980 -9999  -457B  340-9999-9999
30 -9999   304 -9999 -9999  195  102
30 -9999   609 -9999 -9999  185   56
30 -9999   914 -9999 -9999  250   56
30 -9999  1219 -9999 -9999  235   97
30 -9999  1828 -9999 -9999  260   92
30 -9999  2133 -9999 -9999  270   87
30 -9999  2438 -9999 -9999  250   87
30 -9999  2743 -9999 -9999  225   92
30 -9999  3048 -9999 -9999  220  108
30 -9999  3352 -9999 -9999  245  128
30 -9999  3657 -9999 -9999  250  123
30 -9999  4267 -9999 -9999  260  175
30 -9999  4876 -9999 -9999  250  185
30 -9999  6096 -9999 -9999  240  344
30 -9999  7620 -9999 -9999  230  375
30 -9999  9144 -9999 -9999  235  437
30 -9999 12496 -9999 -9999  240  586
30 -9999 13106 -9999 -9999  250  514
30 -9999 14325 -9999 -9999  245  530
30 -9999 15240 -9999 -9999  250  406
30 -9999 17068 -9999 -9999  255  360
30 -9999 17983 -9999 -9999  265  257
30 -9999 18288 -9999 -9999  255  211
30 -9999 18592 -9999 -9999  250  185
30 -9999 19202 -9999 -9999  250  211
30 -9999 19507 -9999 -9999  270  195
30 -9999 20116 -9999 -9999  255  272
30 -9999 20421 -9999 -9999  275  200
30 -9999 21031 -9999 -9999  270  211
30 -9999 21336 -9999 -9999  280  159
30 -9999 21640 -9999 -9999  295  123
30 -9999 22250 -9999 -9999  245  113
30 -9999 22555 -9999 -9999  230  138
30 -9999 23164 -9999 -9999  265  180
30 -9999 23469 -9999 -9999  255  180
30 -9999 24079 -9999 -9999  285  159
30 -9999 24384 -9999 -9999  260  175
30 -9999 24688 -9999 -9999  260  154
30 -9999 24993 -9999 -9999  240  185
30 -9999 25603 -9999 -9999  255  236
30 -9999 26517 -9999 -9999  250  200
30 -9999 27432 -9999 -9999  255  277
30 -9999 29260 -9999 -9999  265  370
30 -9999 30480 -9999 -9999  260  334
30 -9999 30784 -9999 -9999  255  303
