#7221020140101121100 176
21102200B   13   150B   20   40   25
20101100 -9999   144B   22-9999-9999
10100000   196B  140B   22   55  102
20 99600 -9999   140B   22-9999-9999
20 98800 -9999   174B   30-9999-9999
20 97500 -9999   180B   34-9999-9999
10 92500   861B  148B   17  115  113
20 91500 -9999   142B   11-9999-9999
20 89200 -9999   136B   12-9999-9999
20 88000 -9999   136B   26-9999-9999
20 86500 -9999   124B   22-9999-9999
20 86300 -9999   122B   32-9999-9999
20 85500 -9999   122B   91-9999-9999
10 85000  1574B  120B   90  145   15
20 84900 -9999   120B   90-9999-9999
20 82600 -9999   108B   60-9999-9999
20 82000 -9999   106B   43-9999-9999
20 81000 -9999    98B   47-9999-9999
20 80300 -9999   102B    3-9999-9999
20 75200 -9999    76B    1-9999-9999
20 72200 -9999    58B    1-9999-9999
20 70500 -9999    34B   34-9999-9999
10 70000  3181B   38B   33  230  128
20 69700 -9999    38B   34-9999-9999
20 68000 -9999    46B   70-9999-9999
20 67200 -9999    42B   19-9999-9999
20 64500 -9999    26B   13-9999-9999
20 56600 -9999   -41B    3-9999-9999
20 55400 -9999   -57B   16-9999-9999
20 54800 -9999   -55B    6-9999-9999
20 54500 -9999   -59B    9-9999-9999
20 54000 -9999   -67B   37-9999-9999
20 53700 -9999   -67B   16-9999-9999
20 53300 -9999   -73B   25-9999-9999
20 52800 -9999   -81B   80-9999-9999
20 52400 -9999   -87B  110-9999-9999
20 51300 -9999   -81B   90-9999-9999
20 50900 -9999   -81B  100-9999-9999
10 50000  5860B  -89B  100  240  169
20 49300 -9999   -95B  120-9999-9999
20 48600 -9999   -93B  170-9999-9999
20 45500 -9999  -133B  200-9999-9999
20 43700 -9999  -161B  170-9999-9999
20 43000 -9999  -173B  100-9999-9999
20 41900 -9999  -181B   42-9999-9999
20 41700 -9999  -181B   50-9999-9999
20 41200 -9999  -183B  150-9999-9999
20 40800 -9999  -187B  160-9999-9999
10 40000  7550B -201B  150  245  236
20 39300 -9999  -209B  140-9999-9999
20 39000 -9999  -215B  200-9999-9999
20 38300 -9999  -225B  200-9999-9999
20 37500 -9999  -239B   80-9999-9999
20 36600 -9999  -255B   44-9999-9999
20 35800 -9999  -267B   42-9999-9999
20 35200 -9999  -277B   80-9999-9999
20 34500 -9999  -291B  100-9999-9999
20 31300 -9999  -355B   60-9999-9999
20 30500 -9999  -353B   50-9999-9999
10 30000  9610B -363B   50  245  298
20 28400 -9999  -395B   70-9999-9999
20 26900 -9999  -419B   90-9999-9999
20 25700 -9999  -439B   80-9999-9999
10 25000 10850B -455B   80  255  339
20 22600 -9999  -513B   70-9999-9999
20 20500 -9999  -569B  100-9999-9999
10 20000 12300B -585B   90  260  375
20 19500 -9999  -597B   80-9999-9999
20 17200 -9999  -659B   50-9999-9999
20 16800 -9999  -661B   50-9999-9999
30 16300 -9999 -9999 -9999  270  442
20 16200 -9999  -637B   90-9999-9999
20 15500 -9999  -649B  110-9999-9999
10 15000 14060B -641B  130  270  401
20 14300 -9999  -649B  150-9999-9999
20 13800 -9999  -667B  160-9999-9999
20 13400 -9999  -671B  160-9999-9999
20 12600 -9999  -697B  160-9999-9999
20 11800 -9999  -701B  160-9999-9999
20 10200 -9999  -751B  150-9999-9999
10 10000 16480B -747B  160  265  355
20  8860 -9999  -747B  150-9999-9999
22  7919 -9999  -785B  130  260  314
30  7769 -9999 -9999 -9999  265  319
20  7390 -9999  -785B  130-9999-9999
20  7119 -9999  -735B  150-9999-9999
10  7000 18530B -729B  160  255  164
20  6969 -9999  -727B  160-9999-9999
20  6460 -9999  -745B  140-9999-9999
20  6140 -9999  -711B  160-9999-9999
20  5590 -9999  -693B  170-9999-9999
20  5080 -9999  -705B  170-9999-9999
10  5000 20520B -693B  180  235  133
20  4780 -9999  -671B  200-9999-9999
20  4420 -9999  -659B  220-9999-9999
20  4260 -9999  -627B  260-9999-9999
20  4059 -9999  -627B  270-9999-9999
20  3820 -9999  -607B  300-9999-9999
20  3570 -9999  -615B  310-9999-9999
20  3400 -9999  -581B  310-9999-9999
20  3190 -9999  -589B  310-9999-9999
10  3000 23670B -561B  320  260  118
20  2860 -9999  -577B  320-9999-9999
20  2600 -9999  -551B  320-9999-9999
20  2470 -9999  -561B  320-9999-9999
20  2220 -9999  -519B  330-9999-9999
10  2000 26270B -489B  340  245   92
20  1860 -9999  -475B  350-9999-9999
20  1540 -9999  -455B  350-9999-9999
20  1370 -9999  -471B  350-9999-9999
20  1290 -9999  -465B  350-9999-9999
20  1240 -9999  -431B  360-9999-9999
20  1180 -9999  -443B  360-9999-9999
20  1010 -9999  -431B  360-9999-9999
10  1000 30890B -433B  360  255   36
20   970 -9999  -445B  360-9999-9999
20   910 -9999  -443B  360-9999-9999
20   850 -9999  -415B  360-9999-9999
20   810 -9999  -433B  360-9999-9999
20   740 -9999  -433B  360-9999-9999
20   720 -9999  -407B  370-9999-9999
10   700 33290B -399B  370  230   87
20   680 -9999  -387B  370-9999-9999
30 -9999   304 -9999 -9999   85  123
30 -9999   609 -9999 -9999  100  118
30 -9999   914 -9999 -9999  115  113
30 -9999  1219 -9999 -9999  145   51
30 -9999  1524 -9999 -9999  155   15
30 -9999  1828 -9999 -9999  180   41
30 -9999  2133 -9999 -9999  200   77
30 -9999  2438 -9999 -9999  185   82
30 -9999  2743 -9999 -9999  205  102
30 -9999  3048 -9999 -9999  230  128
30 -9999  3657 -9999 -9999  225  133
30 -9999  4267 -9999 -9999  245  144
30 -9999  4876 -9999 -9999  260  144
30 -9999  5791 -9999 -9999  240  180
30 -9999  6096 -9999 -9999  245  175
30 -9999  6400 -9999 -9999  255  205
30 -9999  7620 -9999 -9999  245  236
30 -9999  8229 -9999 -9999  230  236
30 -9999  8839 -9999 -9999  240  236
30 -9999  9144 -9999 -9999  240  252
30 -9999 13716 -9999 -9999  270  442
30 -9999 15240 -9999 -9999  270  380
30 -9999 15849 -9999 -9999  270  339
30 -9999 16154 -9999 -9999  255  350
30 -9999 17068 -9999 -9999  265  272
30 -9999 17983 -9999 -9999  265  319
30 -9999 18288 -9999 -9999  270  247
30 -9999 18592 -9999 -9999  240  205
30 -9999 18897 -9999 -9999  255  252
30 -9999 19202 -9999 -9999  275  185
30 -9999 19507 -9999 -9999  260  133
30 -9999 19812 -9999 -9999  280  128
30 -9999 20726 -9999 -9999  235  144
30 -9999 21336 -9999 -9999  270  159
30 -9999 21640 -9999 -9999  280   82
30 -9999 21945 -9999 -9999  260   56
30 -9999 22250 -9999 -9999  230   97
30 -9999 22555 -9999 -9999  260   87
30 -9999 22860 -9999 -9999  235   87
30 -9999 23774 -9999 -9999  270   82
30 -9999 24384 -9999 -9999  240   66
30 -9999 24993 -9999 -9999  260  113
30 -9999 25298 -9999 -9999  235   82
30 -9999 25908 -9999 -9999  260  128
30 -9999 26822 -9999 -9999  225   77
30 -9999 27432 -9999 -9999  250  128
30 -9999 28346 -9999 -9999  290  118
30 -9999 28956 -9999 -9999  255   77
30 -9999 29260 -9999 -9999  300  118
30 -9999 29565 -9999 -9999  310  118
30 -9999 30480 -9999 -9999  200   56
30 -9999 31394 -9999 -9999  175    5
30 -9999 33223 -9999 -9999  220   82
