#7223520140101121124 138
21101400B   91    22B   11    0    0
20100800A-9999    32B   10-9999-9999
10100000   200B   36B   15  165   56
20 99200 -9999    40B   17-9999-9999
20 97900 -9999    56B   51-9999-9999
20 96200 -9999    70B   47-9999-9999
10 92500   840B   80B  170  200   30
20 92400 -9999    80B  180-9999-9999
20 91700 -9999    76B  150-9999-9999
20 89300 -9999    76B  200-9999-9999
20 87800 -9999    70B  140-9999-9999
20 85700 -9999    68B  170-9999-9999
10 85000  1535B   66B  170  250   92
20 84000 -9999    62B  160-9999-9999
20 81800 -9999    62B  260-9999-9999
20 79700 -9999    56B  450-9999-9999
20 79500 -9999    56B  450-9999-9999
20 77800 -9999    44B  260-9999-9999
20 74900 -9999    32B  490-9999-9999
20 74400 -9999    28B  490-9999-9999
20 72100 -9999    14B  350-9999-9999
20 71300 -9999    10B  250-9999-9999
20 71200 -9999    10B  230-9999-9999
20 70300 -9999     0B  100-9999-9999
10 70000  3111B   -3B   90  255  138
20 69000 -9999   -13B   60-9999-9999
20 67900 -9999   -15B   42-9999-9999
20 66800 -9999   -19B   70-9999-9999
20 65800 -9999   -27B   80-9999-9999
20 65000 -9999   -27B  170-9999-9999
20 62400 -9999   -55B  150-9999-9999
20 60700 -9999   -69B  170-9999-9999
20 59900 -9999   -73B  120-9999-9999
20 59000 -9999   -81B   50-9999-9999
20 58700 -9999   -81B   39-9999-9999
20 58300 -9999   -77B  110-9999-9999
20 57900 -9999   -75B  140-9999-9999
20 57800 -9999   -77B  140-9999-9999
20 56900 -9999   -87B  130-9999-9999
20 55800 -9999   -99B  200-9999-9999
20 54900 -9999  -109B  110-9999-9999
20 54500 -9999  -113B  160-9999-9999
20 53900 -9999  -109B  290-9999-9999
20 52100 -9999  -109B  410-9999-9999
20 51600 -9999  -111B  320-9999-9999
20 51000 -9999  -111B  150-9999-9999
20 50400 -9999  -109B  160-9999-9999
20 50300 -9999  -109B  160-9999-9999
10 50000  5740B -113B  160  245  380
20 46900 -9999  -157B  160-9999-9999
20 46300 -9999  -167B  130-9999-9999
20 45300 -9999  -183B  130-9999-9999
20 44600 -9999  -195B   45-9999-9999
20 44200 -9999  -199B   34-9999-9999
10 40000  7400B -233B   22  250  447
20 39000 -9999  -243B   24-9999-9999
20 33800 -9999  -317B   33-9999-9999
10 30000  9440B -391B   37  240  499
20 25700 -9999  -479B   46-9999-9999
10 25000 10670B -487B   47  245  571
20 24200 -9999  -501B   40-9999-9999
20 23900 -9999  -503B   31-9999-9999
20 22700 -9999  -533B   27-9999-9999
20 21900 -9999  -551B   44-9999-9999
20 21400 -9999  -553B   80-9999-9999
20 20500 -9999  -575B  100  250  679
10 20000 12100B -589B   80  250  674
20 19400 -9999  -607B   60-9999-9999
22 18100 -9999  -645B   60  255  669
20 17400 -9999  -651B   60-9999-9999
20 17100 -9999  -627B   70-9999-9999
20 16700 -9999  -629B   90-9999-9999
20 16500 -9999  -619B  100-9999-9999
20 16000 -9999  -613B  130-9999-9999
10 15000 13870B -627B  150  255  592
20 14100 -9999  -639B  160-9999-9999
20 12600 -9999  -649B  170-9999-9999
20 10900 -9999  -705B  160-9999-9999
20 10700 -9999  -691B  170-9999-9999
20 10600 -9999  -691B  170-9999-9999
10 10000 16330B -713B  160  260  339
20  9450 -9999  -711B  160-9999-9999
22  8850 -9999  -731B  150  255  411
30  8800 -9999 -9999 -9999  255  411
20  8430 -9999  -723B  150-9999-9999
20  7360 -9999  -659B  170-9999-9999
10  7000 18450B -681B  170  265  241
20  6919 -9999  -687B  170-9999-9999
20  6120 -9999  -697B  170-9999-9999
20  5890 -9999  -671B  190-9999-9999
20  5510 -9999  -669B  200-9999-9999
20  5360 -9999  -647B  210-9999-9999
20  5100 -9999  -659B  210-9999-9999
20  5030 -9999  -645B  220-9999-9999
10  5000 20470B -645B  220  265  205
20  4850 -9999  -653B  220-9999-9999
20  4670 -9999  -635B  240-9999-9999
20  4430 -9999  -643B  240-9999-9999
20  4240 -9999  -607B  270-9999-9999
20  3959 -9999  -599B  280-9999-9999
20  3350 -9999  -625B  290-9999-9999
20  3170 -9999  -615B  300-9999-9999
20  3070 -9999  -583B  310-9999-9999
20  3020 -9999  -583B  310-9999-9999
30 -9999   304 -9999 -9999  195   87
30 -9999   609 -9999 -9999  220   72
30 -9999   914 -9999 -9999  200   30
30 -9999  1219 -9999 -9999  230   51
30 -9999  1524 -9999 -9999  250  102
30 -9999  1828 -9999 -9999  250  144
30 -9999  2133 -9999 -9999  255  159
30 -9999  2438 -9999 -9999  255  144
30 -9999  2743 -9999 -9999  260  123
30 -9999  3657 -9999 -9999  250  149
30 -9999  3962 -9999 -9999  260  180
30 -9999  4267 -9999 -9999  260  211
30 -9999  4876 -9999 -9999  250  277
30 -9999  6096 -9999 -9999  245  360
30 -9999  7010 -9999 -9999  260  396
30 -9999  7315 -9999 -9999  250  453
30 -9999  7620 -9999 -9999  245  427
30 -9999  8229 -9999 -9999  230  427
30 -9999  9144 -9999 -9999  240  478
30 -9999 10363 -9999 -9999  245  519
30 -9999 11887 -9999 -9999  250  679
30 -9999 13716 -9999 -9999  255  566
30 -9999 14325 -9999 -9999  255  612
30 -9999 14935 -9999 -9999  255  432
30 -9999 15240 -9999 -9999  250  422
30 -9999 17068 -9999 -9999  255  411
30 -9999 18288 -9999 -9999  270  247
30 -9999 18897 -9999 -9999  240  231
30 -9999 19202 -9999 -9999  250  267
30 -9999 20421 -9999 -9999  265  205
30 -9999 20726 -9999 -9999  280  236
30 -9999 21031 -9999 -9999  270  159
30 -9999 21336 -9999 -9999  275  175
30 -9999 23469 -9999 -9999  260  211
