#7224020140101002307 120
21102700B   10    84B   48   55   30
20102200B-9999    82B   61-9999-9999
10100000   223B   68B   60   50   56
20 99100 -9999    62B   61-9999-9999
20 98000 -9999    56B   70-9999-9999
20 96800 -9999    62B  130-9999-9999
20 96400 -9999    66B  130-9999-9999
20 95800 -9999    78B   79-9999-9999
10 92500   863B   72B   80  120   36
20 89200 -9999    88B  160-9999-9999
20 87100 -9999    86B  160-9999-9999
20 85600 -9999    74B  150-9999-9999
10 85000  1561B   74B  160  220   97
20 82200 -9999    68B  200-9999-9999
20 80100 -9999    56B  180-9999-9999
20 79600 -9999    58B  150-9999-9999
20 79200 -9999    54B  110-9999-9999
20 78000 -9999    44B  100-9999-9999
20 77300 -9999    40B   70-9999-9999
20 76400 -9999    36B  140-9999-9999
20 75600 -9999    32B  160-9999-9999
20 73000 -9999    14B   90-9999-9999
20 72500 -9999    14B   60-9999-9999
20 71700 -9999    34B   47-9999-9999
10 70000  3141B   18B   38  245  138
20 65200 -9999   -21B   14-9999-9999
20 56500 -9999   -73B   12-9999-9999
10 50000  5780B -131B   20  260  211
20 47500 -9999  -159B   22-9999-9999
20 42400 -9999  -195B   21-9999-9999
10 40000  7450B -225B   29  230  334
20 37100 -9999  -267B   35-9999-9999
20 33700 -9999  -317B   28-9999-9999
20 32500 -9999  -327B   32-9999-9999
10 30000  9500B -373B   30  240  458
20 27900 -9999  -417B   25-9999-9999
20 25800 -9999  -463B   32-9999-9999
10 25000 10730B -479B   29  245  519
20 21800 -9999  -553B   24-9999-9999
10 20000 12160B -601B   31  245  607
20 18500 -9999  -641B   38-9999-9999
30 18300 -9999 -9999 -9999  250  643
22 17500 -9999  -653B   35  250  592
20 16600 -9999  -649B   70-9999-9999
20 16400 -9999  -641B   80-9999-9999
20 15900 -9999  -643B  100-9999-9999
20 15800 -9999  -629B  110-9999-9999
20 15300 -9999  -631B  130-9999-9999
10 15000 13930B -637B  150  250  525
20 14100 -9999  -645B  180-9999-9999
20 11100 -9999  -687B  180-9999-9999
20 10700 -9999  -685B  190-9999-9999
10 10000 16380B -695B  180  270  401
22  8710 -9999  -725B  170  275  293
20  8160 -9999  -721B  170-9999-9999
20  7960 -9999  -705B  170-9999-9999
20  7640 -9999  -719B  170-9999-9999
20  7300 -9999  -701B  180-9999-9999
10  7000 18490B -707B  180  265  236
20  6590 -9999  -717B  180-9999-9999
20  5870 -9999  -687B  200-9999-9999
20  5590 -9999  -639B  230-9999-9999
20  5120 -9999  -663B  240-9999-9999
10  5000 20510B -653B  250  270  190
20  4610 -9999  -625B  270-9999-9999
20  4370 -9999  -637B  270-9999-9999
20  4320 -9999  -623B  280-9999-9999
20  4130 -9999  -627B  280-9999-9999
20  3900 -9999  -583B  300-9999-9999
20  3559 -9999  -613B  290-9999-9999
20  3480 -9999  -601B  300-9999-9999
20  3330 -9999  -607B  300-9999-9999
20  3259 -9999  -589B  310-9999-9999
10  3000 23680B -589B  310  270  118
20  2910 -9999  -593B  310-9999-9999
20  2720 -9999  -559B  320-9999-9999
20  2320 -9999  -531B  330-9999-9999
10  2000 26270B -521B  330  260  180
20  1790 -9999  -527B  330-9999-9999
20  1690 -9999  -511B  340-9999-9999
20  1540 -9999  -521B  330-9999-9999
20  1450 -9999  -503B  340-9999-9999
30 -9999   304 -9999 -9999   50   56
30 -9999   609 -9999 -9999  115   30
30 -9999   914 -9999 -9999  130   36
30 -9999  1219 -9999 -9999  240   36
30 -9999  1828 -9999 -9999  225  113
30 -9999  2133 -9999 -9999  235  123
30 -9999  2438 -9999 -9999  245  118
30 -9999  2743 -9999 -9999  255  108
30 -9999  3657 -9999 -9999  270  144
30 -9999  3962 -9999 -9999  255  144
30 -9999  4267 -9999 -9999  255  169
30 -9999  4876 -9999 -9999  260  241
30 -9999  6096 -9999 -9999  260  216
30 -9999  7620 -9999 -9999  235  334
30 -9999  9144 -9999 -9999  235  447
30 -9999 12801 -9999 -9999  250  643
30 -9999 13411 -9999 -9999  250  545
30 -9999 15240 -9999 -9999  255  422
30 -9999 15849 -9999 -9999  255  447
30 -9999 17373 -9999 -9999  270  252
30 -9999 17678 -9999 -9999  260  283
30 -9999 18288 -9999 -9999  275  241
30 -9999 18592 -9999 -9999  260  257
30 -9999 19202 -9999 -9999  280  267
30 -9999 19507 -9999 -9999  275  200
30 -9999 19812 -9999 -9999  250  169
30 -9999 20116 -9999 -9999  240  169
30 -9999 20726 -9999 -9999  275  205
30 -9999 21031 -9999 -9999  270  138
30 -9999 21336 -9999 -9999  270  169
30 -9999 21640 -9999 -9999  265  159
30 -9999 22250 -9999 -9999  235  169
30 -9999 23469 -9999 -9999  280  113
30 -9999 24079 -9999 -9999  255  149
30 -9999 24384 -9999 -9999  270  138
30 -9999 25298 -9999 -9999  245  133
30 -9999 27432 -9999 -9999  240  190
30 -9999 28346 -9999 -9999  245  272
