#7220120140101121103 151
21101800B    6   242B   27   90   36
10100000   166B  236B   19   90  108
20 96100 -9999   210B    6-9999-9999
20 94600 -9999   206B   24-9999-9999
10 92500   845B  194B   24  120  118
20 90800 -9999   182B   17-9999-9999
20 89400 -9999   180B   37-9999-9999
20 85200 -9999   156B   40-9999-9999
10 85000  1569B  154B   42  135   51
20 83500 -9999   148B   60-9999-9999
20 82700 -9999   140B   35-9999-9999
20 81000 -9999   134B   44-9999-9999
20 80400 -9999   128B   26-9999-9999
20 78900 -9999   124B   40-9999-9999
20 78200 -9999   124B   71-9999-9999
20 76900 -9999   112B   81-9999-9999
20 75500 -9999   112B  160-9999-9999
20 74000 -9999   104B  180-9999-9999
10 70000  3194B   74B  160  110   92
20 69700 -9999    72B  130-9999-9999
20 68800 -9999    62B   15-9999-9999
20 68400 -9999    62B   43-9999-9999
20 67900 -9999    60B   37-9999-9999
20 67400 -9999    60B   70-9999-9999
20 66800 -9999    54B   69-9999-9999
20 66100 -9999    50B  120-9999-9999
20 65700 -9999    44B   70-9999-9999
20 64900 -9999    38B  110-9999-9999
20 64200 -9999    30B   60-9999-9999
20 63900 -9999    28B   60-9999-9999
20 62900 -9999    30B   70-9999-9999
20 62400 -9999    36B  190-9999-9999
20 61900 -9999    38B  330-9999-9999
20 60600 -9999    28B  190-9999-9999
20 60100 -9999    28B  260-9999-9999
20 59200 -9999    24B  310-9999-9999
20 55300 -9999    -7B  340-9999-9999
10 50000  5900B  -73B  300  210   87
20 47600 -9999  -107B  270-9999-9999
20 40200 -9999  -187B  270-9999-9999
10 40000  7600B -189B  270  225  118
20 34700 -9999  -271B  250-9999-9999
20 32500 -9999  -311B   50-9999-9999
20 30800 -9999  -339B   80-9999-9999
10 30000  9670B -357B   60  245  133
20 29400 -9999  -371B   50-9999-9999
20 28900 -9999  -377B   70-9999-9999
20 28500 -9999  -377B  170-9999-9999
20 27700 -9999  -389B  200-9999-9999
20 27000 -9999  -405B  170-9999-9999
20 26600 -9999  -415B  120-9999-9999
10 25000 10910B -451B  100  240  190
20 22200 -9999  -519B   60-9999-9999
20 20500 -9999  -563B   70-9999-9999
10 20000 12360B -575B   70  265  221
20 18500 -9999  -611B   60-9999-9999
20 17300 -9999  -629B   80-9999-9999
20 17100 -9999  -617B   90-9999-9999
20 16600 -9999  -617B  130-9999-9999
30 16100 -9999 -9999 -9999  275  339
10 15000 14140B -645B  180  270  283
20 14500 -9999  -635B  190-9999-9999
20 12900 -9999  -673B  200-9999-9999
20 11700 -9999  -721B  180-9999-9999
20 10800 -9999  -733B  170-9999-9999
10 10000 16560B -753B  150  265  324
30  9760 -9999 -9999 -9999  265  329
22  8310 -9999  -801B  130  260  257
20  7410 -9999  -767B  130-9999-9999
10  7000 18600B -771B  130  265  149
20  6600 -9999  -783B  130-9999-9999
20  6260 -9999  -737B  140-9999-9999
20  6000 -9999  -733B  150-9999-9999
20  5500 -9999  -683B  180-9999-9999
10  5000 20570B -705B  200  185   61
20  4900 -9999  -707B  200-9999-9999
20  4720 -9999  -681B  220-9999-9999
20  4320 -9999  -667B  240-9999-9999
20  4000 -9999  -629B  260-9999-9999
20  3800 -9999  -629B  270-9999-9999
20  3680 -9999  -595B  290-9999-9999
20  3250 -9999  -601B  290-9999-9999
20  3170 -9999  -573B  300-9999-9999
10  3000 23710B -549B  310  230   61
20  2910 -9999  -541B  310-9999-9999
20  2560 -9999  -561B  300-9999-9999
20  2350 -9999  -521B  320-9999-9999
20  2220 -9999  -521B  310-9999-9999
20  2120 -9999  -491B  330-9999-9999
10  2000 26330B -483B  330  295   61
20  1979 -9999  -479B  330-9999-9999
20  1790 -9999  -483B  330-9999-9999
20  1660 -9999  -461B  330-9999-9999
20  1600 -9999  -479B  320-9999-9999
20  1540 -9999  -461B  340-9999-9999
20  1310 -9999  -463B  330-9999-9999
20  1240 -9999  -447B  340-9999-9999
20  1160 -9999  -455B  340-9999-9999
20  1100 -9999  -443B  340-9999-9999
20  1010 -9999  -465B  330-9999-9999
10  1000 30930B -459B  330   65   61
20   939 -9999  -431B  350-9999-9999
30 -9999   304 -9999 -9999  105  138
30 -9999   609 -9999 -9999  120  118
30 -9999   914 -9999 -9999  120  108
30 -9999  1219 -9999 -9999  120   92
30 -9999  1828 -9999 -9999  105   36
30 -9999  2133 -9999 -9999   90   25
30 -9999  2438 -9999 -9999   80   10
30 -9999  2743 -9999 -9999  125   30
30 -9999  3048 -9999 -9999  110   92
30 -9999  3352 -9999 -9999  105   72
30 -9999  3657 -9999 -9999  115   61
30 -9999  3962 -9999 -9999  175   51
30 -9999  4267 -9999 -9999  185   51
30 -9999  4572 -9999 -9999  240   41
30 -9999  4876 -9999 -9999  225   61
30 -9999  5486 -9999 -9999  205   77
30 -9999  6096 -9999 -9999  210   82
30 -9999  7620 -9999 -9999  225  118
30 -9999  8534 -9999 -9999  225  144
30 -9999  9144 -9999 -9999  240  133
30 -9999  9753 -9999 -9999  250  133
30 -9999 13716 -9999 -9999  275  339
30 -9999 14630 -9999 -9999  250  283
30 -9999 15240 -9999 -9999  270  257
30 -9999 15544 -9999 -9999  265  247
30 -9999 16764 -9999 -9999  265  329
30 -9999 18288 -9999 -9999  290  190
30 -9999 20116 -9999 -9999  290   46
30 -9999 20421 -9999 -9999  185   61
30 -9999 20726 -9999 -9999  195   66
30 -9999 21031 -9999 -9999  270   97
30 -9999 21336 -9999 -9999  230   82
30 -9999 21640 -9999 -9999  210   51
30 -9999 22250 -9999 -9999  235   56
30 -9999 23164 -9999 -9999    0    0
30 -9999 23469 -9999 -9999  210   87
30 -9999 24384 -9999 -9999  275   36
30 -9999 24688 -9999 -9999  230   15
30 -9999 25908 -9999 -9999  260  108
30 -9999 26517 -9999 -9999  310   66
30 -9999 26822 -9999 -9999  305   36
30 -9999 27432 -9999 -9999  280   56
30 -9999 27736 -9999 -9999  295   66
30 -9999 28346 -9999 -9999  250   61
30 -9999 28956 -9999 -9999  320   87
30 -9999 29260 -9999 -9999  325   77
30 -9999 29870 -9999 -9999   50   56
30 -9999 30480 -9999 -9999  335   25
30 -9999 31089 -9999 -9999  100   92
