#7220120140101002303 157
21101900B    6   236B   39   55   51
10100000   178B  220B   19   55  118
20 95800 -9999   190B    2-9999-9999
20 93600 -9999   202B   32-9999-9999
10 92500   852B  192B   27   85   92
20 88000 -9999   158B    5-9999-9999
10 85000  1575B  144B    3   65   56
20 84300 -9999   138B    5-9999-9999
20 79500 -9999   124B   17-9999-9999
20 78700 -9999   124B   42-9999-9999
20 76500 -9999   110B   60-9999-9999
20 74900 -9999    96B   17-9999-9999
20 74400 -9999    94B   19-9999-9999
20 73400 -9999    94B   51-9999-9999
20 72600 -9999    88B   60-9999-9999
20 71100 -9999    74B   24-9999-9999
10 70000  3199B   64B   19  105   41
20 68300 -9999    46B    6-9999-9999
20 68200 -9999    48B   11-9999-9999
20 67900 -9999    66B   70-9999-9999
20 67700 -9999    70B   80-9999-9999
20 65600 -9999    54B  110-9999-9999
20 64800 -9999    42B   70-9999-9999
20 64400 -9999    40B   80-9999-9999
20 64000 -9999    40B  130-9999-9999
20 63400 -9999    40B  180-9999-9999
20 62700 -9999    32B  150-9999-9999
20 62500 -9999    30B   90-9999-9999
20 62300 -9999    32B  100-9999-9999
20 62100 -9999    36B  150-9999-9999
20 61400 -9999    40B  220-9999-9999
20 59800 -9999    22B  150-9999-9999
20 58800 -9999    24B  290-9999-9999
20 57000 -9999     8B  320-9999-9999
20 56200 -9999    -1B  230-9999-9999
20 55700 -9999    -1B  300-9999-9999
20 53200 -9999   -27B  300-9999-9999
20 52000 -9999   -41B  200-9999-9999
20 51500 -9999   -45B  300-9999-9999
10 50000  5910B  -63B  280  210   87
20 49500 -9999   -69B  270-9999-9999
20 46800 -9999   -89B  250-9999-9999
20 43900 -9999  -127B  240-9999-9999
20 41300 -9999  -165B  120-9999-9999
20 40200 -9999  -183B  130-9999-9999
10 40000  7620B -185B  130  240   72
20 37100 -9999  -233B  100-9999-9999
20 36600 -9999  -241B  160-9999-9999
20 35500 -9999  -259B  200-9999-9999
20 34600 -9999  -273B  130-9999-9999
20 33000 -9999  -303B  120-9999-9999
20 32600 -9999  -311B   60-9999-9999
20 31300 -9999  -335B   35-9999-9999
10 30000  9690B -353B   30  240  133
20 29600 -9999  -359B   27-9999-9999
20 29000 -9999  -367B   48-9999-9999
20 28100 -9999  -383B   80-9999-9999
20 27600 -9999  -395B   80-9999-9999
20 27100 -9999  -405B  110-9999-9999
20 26400 -9999  -421B   50-9999-9999
20 25600 -9999  -437B   60-9999-9999
10 25000 10930B -453B   50  250  164
20 24500 -9999  -465B   42-9999-9999
20 24200 -9999  -469B   47-9999-9999
20 23800 -9999  -475B   80-9999-9999
20 23400 -9999  -483B   80-9999-9999
20 21200 -9999  -545B   50-9999-9999
10 20000 12380B -575B   50  260  205
20 17500 -9999  -649B   45-9999-9999
22 16600 -9999  -665B   39  270  314
20 16300 -9999  -653B   44-9999-9999
20 16100 -9999  -653B   50-9999-9999
10 15000 14140B -673B   90  280  370
30 14700 -9999 -9999 -9999  280  375
20 14500 -9999  -681B  100-9999-9999
20 13900 -9999  -673B  120-9999-9999
20 13700 -9999  -681B  120-9999-9999
20 13100 -9999  -681B  140-9999-9999
20 12800 -9999  -691B  140-9999-9999
20 12200 -9999  -687B  150-9999-9999
20 11500 -9999  -695B  160-9999-9999
20 11300 -9999  -687B  170-9999-9999
20 11000 -9999  -699B  170-9999-9999
10 10000 16560B -745B  160  250  298
20  9260 -9999  -789B  150-9999-9999
30  8810 -9999 -9999 -9999  265  308
22  8640 -9999  -799B  140  270  303
20  8030 -9999  -779B  140-9999-9999
20  7660 -9999  -787B  130-9999-9999
20  7419 -9999  -769B  130-9999-9999
10  7000 18600B -785B  130  235  180
20  6960 -9999  -787B  130-9999-9999
20  6490 -9999  -739B  130-9999-9999
20  5910 -9999  -751B  140-9999-9999
20  5130 -9999  -675B  180-9999-9999
10  5000 20570B -671B  190  135   30
20  4790 -9999  -687B  200-9999-9999
20  4440 -9999  -643B  240-9999-9999
20  4050 -9999  -637B  260-9999-9999
20  3930 -9999  -607B  280-9999-9999
20  3630 -9999  -619B  290-9999-9999
20  3420 -9999  -587B  300-9999-9999
10  3000 23720B -579B-9999  190   66
20  2820 -9999  -563B-9999-9999-9999
20  2660 -9999  -529B-9999-9999-9999
20  2530 -9999  -533B-9999-9999-9999
20  2230 -9999  -503B-9999-9999-9999
20  2050 -9999  -509B-9999-9999-9999
10  2000 26340B -503B-9999  180   61
20  1600 -9999  -461B-9999-9999-9999
20  1470 -9999  -463B-9999-9999-9999
20  1350 -9999  -485B-9999-9999-9999
20  1230 -9999  -467B-9999-9999-9999
20  1100 -9999  -497B-9999-9999-9999
30 -9999   304 -9999 -9999   60  128
30 -9999   609 -9999 -9999   70  102
30 -9999   914 -9999 -9999   85   92
30 -9999  1219 -9999 -9999   80   92
30 -9999  1524 -9999 -9999   65   56
30 -9999  1828 -9999 -9999  105   61
30 -9999  2133 -9999 -9999   95   51
30 -9999  2438 -9999 -9999   85   36
30 -9999  2743 -9999 -9999  115   20
30 -9999  3657 -9999 -9999   90   41
30 -9999  4267 -9999 -9999  195   30
30 -9999  4572 -9999 -9999  225   72
30 -9999  4876 -9999 -9999  210   87
30 -9999  6096 -9999 -9999  195  118
30 -9999  7315 -9999 -9999  255   77
30 -9999  7620 -9999 -9999  240   72
30 -9999  7924 -9999 -9999  235   72
30 -9999  8229 -9999 -9999  250  113
30 -9999  8839 -9999 -9999  235  138
30 -9999  9144 -9999 -9999  240  138
30 -9999 10363 -9999 -9999  255  164
30 -9999 11582 -9999 -9999  245  159
30 -9999 12801 -9999 -9999  270  216
30 -9999 14325 -9999 -9999  280  375
30 -9999 14630 -9999 -9999  265  293
30 -9999 15240 -9999 -9999  250  329
30 -9999 15544 -9999 -9999  255  350
30 -9999 17373 -9999 -9999  265  308
30 -9999 18288 -9999 -9999  250  190
30 -9999 19812 -9999 -9999  280  118
30 -9999 20421 -9999 -9999  210    5
30 -9999 21336 -9999 -9999  260   66
30 -9999 21640 -9999 -9999  255   92
30 -9999 21945 -9999 -9999  265   77
30 -9999 22250 -9999 -9999  255   20
30 -9999 22860 -9999 -9999  245  102
30 -9999 23469 -9999 -9999  225   25
30 -9999 24384 -9999 -9999  200   61
30 -9999 24688 -9999 -9999  225   72
30 -9999 25603 -9999 -9999    0    0
30 -9999 26212 -9999 -9999  165   72
30 -9999 27432 -9999 -9999  235   66
30 -9999 30175 -9999 -9999  330  154
