#7225020140101002301 160
21102500B    7    82B   16  355   36
20101500A-9999    68B    7-9999-9999
10100000   212B   60B    3  350   72
20 98800 -9999    56B    4-9999-9999
20 98400 -9999    60B    2-9999-9999
20 97800 -9999    82B    3-9999-9999
20 95600 -9999   106B   17-9999-9999
10 92500   858B  104B   19  350   87
20 90000 -9999   100B   31-9999-9999
20 87000 -9999    86B   29-9999-9999
20 85300 -9999    86B   49-9999-9999
10 85000  1560B   86B   49   65   97
20 82500 -9999    64B   44-9999-9999
20 81700 -9999    60B   23-9999-9999
20 81000 -9999    56B   28-9999-9999
20 79700 -9999    52B    2-9999-9999
20 77300 -9999    40B    1-9999-9999
20 70200 -9999    28B    5-9999-9999
10 70000  3145B   28B    5  190  169
20 64300 -9999    -5B    1-9999-9999
20 62200 -9999     2B   30-9999-9999
20 61700 -9999     0B   40-9999-9999
20 60500 -9999    -3B   36-9999-9999
20 55000 -9999   -61B    4-9999-9999
20 50200 -9999  -107B    0-9999-9999
10 50000  5810B -107B    1  240  252
20 48300 -9999  -121B   14-9999-9999
20 46800 -9999  -131B    3-9999-9999
20 45600 -9999  -147B    1-9999-9999
20 42900 -9999  -179B   34-9999-9999
20 42400 -9999  -187B   46-9999-9999
20 41900 -9999  -197B  140-9999-9999
20 41100 -9999  -199B  160-9999-9999
20 40800 -9999  -205B  130-9999-9999
20 40500 -9999  -207B   70-9999-9999
10 40000  7500B -213B   48  225  380
30 39800 -9999 -9999 -9999  225  380
20 36000 -9999  -267B   28-9999-9999
20 35600 -9999  -265B   38-9999-9999
20 35000 -9999  -277B   34-9999-9999
20 34100 -9999  -289B   48-9999-9999
20 30800 -9999  -353B   35-9999-9999
20 30300 -9999  -363B   23-9999-9999
10 30000  9560B -367B   23  230  324
20 29800 -9999  -369B   21-9999-9999
20 29200 -9999  -377B   43-9999-9999
20 28600 -9999  -389B   45-9999-9999
20 28000 -9999  -387B  100-9999-9999
20 27700 -9999  -389B  110-9999-9999
20 25200 -9999  -451B   45-9999-9999
10 25000 10800B -455B   45  225  401
20 22100 -9999  -529B   28-9999-9999
10 20000 12240B -585B   43  235  447
30 19000 -9999 -9999 -9999  235  463
22 18300 -9999  -631B   45  235  453
20 18100 -9999  -631B   45-9999-9999
20 18000 -9999  -609B   48-9999-9999
20 17800 -9999  -609B   60-9999-9999
20 17500 -9999  -595B   90-9999-9999
20 17200 -9999  -603B  130-9999-9999
20 16700 -9999  -617B  160-9999-9999
20 15500 -9999  -635B  180-9999-9999
20 15200 -9999  -625B  190-9999-9999
10 15000 14030B -629B  190  245  386
20 14400 -9999  -631B  190-9999-9999
20 12700 -9999  -685B  180-9999-9999
20 12100 -9999  -683B  190-9999-9999
22 10500 -9999  -741B  170  250  293
10 10000 16450B -741B  160  250  288
20  8560 -9999  -763B  150-9999-9999
20  8080 -9999  -745B  140-9999-9999
20  7580 -9999  -757B  140-9999-9999
20  7450 -9999  -743B  140-9999-9999
20  7130 -9999  -745B  140-9999-9999
10  7000 18520B -729B  140  265  267
20  6780 -9999  -707B  150-9999-9999
20  6340 -9999  -697B  160-9999-9999
20  6250 -9999  -677B  170-9999-9999
20  6070 -9999  -665B  180-9999-9999
20  5260 -9999  -675B  190-9999-9999
10  5000 20540B -659B  200  255  113
20  4830 -9999  -653B  200-9999-9999
20  4450 -9999  -677B  190-9999-9999
20  4230 -9999  -669B  200-9999-9999
20  3830 -9999  -611B  220-9999-9999
20  3200 -9999  -615B  220-9999-9999
20  3080 -9999  -583B  220-9999-9999
10  3000 23680B -587B  220  245   77
20  2990 -9999  -587B  220-9999-9999
20  2640 -9999  -539B  240-9999-9999
20  2460 -9999  -551B  240-9999-9999
20  2130 -9999  -515B  240-9999-9999
10  2000 26280B -519B  220  260  108
20  1850 -9999  -515B  240-9999-9999
20  1800 -9999  -493B  250-9999-9999
20  1650 -9999  -473B  260-9999-9999
20  1380 -9999  -481B  250-9999-9999
20  1360 -9999  -467B  270-9999-9999
20  1300 -9999  -473B  260-9999-9999
20  1280 -9999  -457B  280-9999-9999
20  1220 -9999  -457B  290-9999-9999
20  1160 -9999  -471B  270-9999-9999
20  1100 -9999  -447B  290-9999-9999
10  1000 30860B -477B  280  255  195
20   989 -9999  -479B  280-9999-9999
20   900 -9999  -465B  290-9999-9999
30 -9999   304 -9999 -9999  350   87
30 -9999   609 -9999 -9999  340  138
30 -9999   914 -9999 -9999  330   92
30 -9999  1219 -9999 -9999   50   92
30 -9999  1524 -9999 -9999   65   97
30 -9999  1828 -9999 -9999   95  108
30 -9999  2133 -9999 -9999  120   97
30 -9999  2438 -9999 -9999  125  123
30 -9999  2743 -9999 -9999  130  164
30 -9999  3048 -9999 -9999  190  159
30 -9999  3657 -9999 -9999  210  205
30 -9999  3962 -9999 -9999  225  257
30 -9999  4267 -9999 -9999  225  262
30 -9999  4876 -9999 -9999  230  226
30 -9999  5486 -9999 -9999  235  216
30 -9999  6096 -9999 -9999  245  277
30 -9999  7620 -9999 -9999  225  380
30 -9999  8229 -9999 -9999  230  277
30 -9999  9144 -9999 -9999  230  298
30 -9999 10058 -9999 -9999  230  401
30 -9999 12496 -9999 -9999  235  463
30 -9999 13716 -9999 -9999  230  401
30 -9999 14630 -9999 -9999  255  350
30 -9999 15240 -9999 -9999  250  355
30 -9999 17068 -9999 -9999  240  221
30 -9999 17373 -9999 -9999  235  293
30 -9999 18288 -9999 -9999  260  272
30 -9999 18592 -9999 -9999  265  283
30 -9999 19202 -9999 -9999  290  154
30 -9999 19507 -9999 -9999  235  144
30 -9999 20116 -9999 -9999  240  149
30 -9999 20421 -9999 -9999  265  128
30 -9999 20726 -9999 -9999  275   77
30 -9999 21336 -9999 -9999  280  108
30 -9999 21640 -9999 -9999  240   97
30 -9999 21945 -9999 -9999  250  138
30 -9999 22555 -9999 -9999  265   87
30 -9999 22860 -9999 -9999  335   72
30 -9999 23164 -9999 -9999  240   72
30 -9999 23469 -9999 -9999  255   66
30 -9999 24079 -9999 -9999  215   92
30 -9999 24384 -9999 -9999  235  102
30 -9999 24688 -9999 -9999  230  118
30 -9999 26212 -9999 -9999  265  138
30 -9999 26517 -9999 -9999  255   97
30 -9999 26822 -9999 -9999  280  128
30 -9999 27127 -9999 -9999  265  108
30 -9999 27432 -9999 -9999  250  113
30 -9999 28041 -9999 -9999  245  164
30 -9999 28956 -9999 -9999  275  180
30 -9999 29565 -9999 -9999  250  205
30 -9999 30480 -9999 -9999  260  195
30 -9999 30784 -9999 -9999  255  195
30 -9999 31394 -9999 -9999  250   87
