#7225020140101121116 150
21102100B    7    86B    0  310   36
20100800 -9999    82B    4-9999-9999
10100000   175B  122B    2   15   56
20 99500 -9999   132B    1-9999-9999
20 92900 -9999   134B    0-9999-9999
10 92500   834B  132B    0  100   97
10 85000  1543B  102B    0  145   97
20 80900 -9999    84B    0-9999-9999
20 79100 -9999    80B   11-9999-9999
20 72100 -9999    46B    0-9999-9999
20 70300 -9999    48B   20-9999-9999
10 70000  3144B   46B   20  240  154
20 63800 -9999    -1B    1-9999-9999
20 61300 -9999   -21B   16-9999-9999
20 59000 -9999   -35B   30-9999-9999
20 58300 -9999   -33B   44-9999-9999
20 57500 -9999   -39B   34-9999-9999
20 56700 -9999   -41B   60-9999-9999
20 56200 -9999   -45B   70-9999-9999
20 55400 -9999   -55B   41-9999-9999
20 52600 -9999   -85B   18-9999-9999
20 52000 -9999   -89B   28-9999-9999
20 51600 -9999   -91B   70-9999-9999
20 51000 -9999   -97B  120-9999-9999
20 50400 -9999  -105B  100-9999-9999
10 50000  5810B -109B  100  220  221
20 49800 -9999  -113B  110-9999-9999
20 49300 -9999  -119B   60-9999-9999
20 48800 -9999  -123B   90-9999-9999
20 47100 -9999  -145B  110-9999-9999
20 46700 -9999  -149B  210-9999-9999
20 46300 -9999  -149B  240-9999-9999
20 45900 -9999  -147B  110-9999-9999
20 45400 -9999  -149B  100-9999-9999
20 42400 -9999  -195B   90-9999-9999
20 41000 -9999  -215B  110-9999-9999
10 40000  7490B -231B   90  220  216
20 39900 -9999  -233B   90-9999-9999
20 39400 -9999  -239B   46-9999-9999
20 39200 -9999  -241B   27-9999-9999
20 38000 -9999  -249B   26-9999-9999
20 37200 -9999  -247B   24-9999-9999
20 34800 -9999  -279B   23-9999-9999
20 33900 -9999  -291B   36-9999-9999
20 30500 -9999  -351B   60-9999-9999
10 30000  9550B -363B   50  230  350
20 27600 -9999  -415B   40-9999-9999
20 26800 -9999  -435B   45-9999-9999
20 25400 -9999  -467B   24-9999-9999
10 25000 10780B -475B   25  235  370
20 23100 -9999  -511B   22-9999-9999
20 22500 -9999  -525B   14-9999-9999
20 22100 -9999  -535B   22-9999-9999
10 20000 12220B -589B   25  225  463
20 19200 -9999  -611B   26-9999-9999
20 18700 -9999  -619B   27-9999-9999
20 18300 -9999  -605B   35-9999-9999
30 18000 -9999 -9999 -9999  225  509
20 17600 -9999  -611B   60-9999-9999
20 17200 -9999  -599B   70-9999-9999
20 15700 -9999  -593B  130-9999-9999
10 15000 14010B -613B  180  240  360
20 14700 -9999  -621B  190-9999-9999
20 13300 -9999  -667B  200-9999-9999
20 12100 -9999  -695B  190-9999-9999
20 11300 -9999  -703B  180-9999-9999
22 10300 -9999  -745B  170  245  303
10 10000 16440B -743B  160  245  308
30  9550 -9999 -9999 -9999  245  334
20  9470 -9999  -733B  160-9999-9999
20  8370 -9999  -749B  150-9999-9999
20  8110 -9999  -707B  160-9999-9999
20  7790 -9999  -699B  170-9999-9999
20  7350 -9999  -719B  170-9999-9999
20  7100 -9999  -699B  180-9999-9999
10  7000 18540B -703B  180  270  169
20  6769 -9999  -697B  180-9999-9999
20  6250 -9999  -717B  180-9999-9999
20  5710 -9999  -701B  190-9999-9999
20  5460 -9999  -675B  200-9999-9999
10  5000 20540B -685B  200  255  133
20  4790 -9999  -685B  210-9999-9999
20  4510 -9999  -657B  220-9999-9999
20  3930 -9999  -639B  230-9999-9999
20  3630 -9999  -603B  250-9999-9999
20  3309 -9999  -615B  250-9999-9999
20  3230 -9999  -597B  260-9999-9999
10  3000 23680B -597B  260  245   41
20  2810 -9999  -603B  250-9999-9999
20  2600 -9999  -559B  270-9999-9999
20  2450 -9999  -551B  280-9999-9999
20  2380 -9999  -561B  270-9999-9999
20  2010 -9999  -497B  300-9999-9999
10  2000 26260B -497B  300  250  108
20  1620 -9999  -455B  320-9999-9999
20  1360 -9999  -449B  320-9999-9999
20  1330 -9999  -433B  330-9999-9999
20  1260 -9999  -449B  320-9999-9999
20  1110 -9999  -429B  330-9999-9999
10  1000 30890B -451B  320  230  113
20   960 -9999  -457B  320-9999-9999
20   920 -9999  -439B  330-9999-9999
20   860 -9999  -441B  330-9999-9999
20   820 -9999  -461B  320-9999-9999
20   780 -9999  -433B  330-9999-9999
30 -9999   304 -9999 -9999   30   77
30 -9999   609 -9999 -9999   70   97
30 -9999   914 -9999 -9999  105   92
30 -9999  1219 -9999 -9999  130  102
30 -9999  1828 -9999 -9999  160   87
30 -9999  2133 -9999 -9999  200   97
30 -9999  2438 -9999 -9999  210  113
30 -9999  2743 -9999 -9999  215  159
30 -9999  3657 -9999 -9999  250  128
30 -9999  4267 -9999 -9999  240  164
30 -9999  4876 -9999 -9999  230  200
30 -9999  6096 -9999 -9999  225  236
30 -9999  7620 -9999 -9999  225  205
30 -9999  8534 -9999 -9999  220  339
30 -9999  9144 -9999 -9999  225  339
30 -9999 10363 -9999 -9999  235  324
30 -9999 12801 -9999 -9999  225  509
30 -9999 14020 -9999 -9999  240  360
30 -9999 14630 -9999 -9999  250  355
30 -9999 15240 -9999 -9999  245  344
30 -9999 16764 -9999 -9999  245  334
30 -9999 17983 -9999 -9999  240  308
30 -9999 18288 -9999 -9999  260  236
30 -9999 18592 -9999 -9999  280  149
30 -9999 18897 -9999 -9999  265   87
30 -9999 19507 -9999 -9999  235  118
30 -9999 19812 -9999 -9999  260  190
30 -9999 20421 -9999 -9999  260  123
30 -9999 20726 -9999 -9999  255  185
30 -9999 21031 -9999 -9999  265  144
30 -9999 21336 -9999 -9999  260  169
30 -9999 22555 -9999 -9999  295   66
30 -9999 23164 -9999 -9999  280   77
30 -9999 23469 -9999 -9999  280   92
30 -9999 23774 -9999 -9999  255   30
30 -9999 24384 -9999 -9999  265  102
30 -9999 24688 -9999 -9999  275  118
30 -9999 25298 -9999 -9999  270  138
30 -9999 26517 -9999 -9999  240  102
30 -9999 27432 -9999 -9999  260  164
30 -9999 27736 -9999 -9999  265  180
30 -9999 28346 -9999 -9999  240  216
30 -9999 30480 -9999 -9999  260  128
30 -9999 31089 -9999 -9999  225  113
30 -9999 32308 -9999 -9999  240  180
