#7224820140101002306 155
21101800B   79    58B   59  160   30
20101200B-9999    62B   70-9999-9999
10100000   230B   54B   59  130   36
20 97100 -9999    34B   60-9999-9999
20 95700 -9999    46B  110-9999-9999
20 95000 -9999    58B  150-9999-9999
20 94100 -9999    62B  240-9999-9999
20 93300 -9999    64B  230-9999-9999
10 92500   866B   60B  230  160   82
20 92200 -9999    60B  220-9999-9999
20 90900 -9999    54B  150-9999-9999
20 87400 -9999    38B  120-9999-9999
10 85000  1554B   34B  120  210   61
20 81700 -9999    24B  150-9999-9999
20 76900 -9999    18B  340-9999-9999
20 75200 -9999    10B  160-9999-9999
20 73800 -9999     4B  150-9999-9999
20 72900 -9999     6B  300-9999-9999
20 72500 -9999     2B  310-9999-9999
20 71500 -9999    -5B  170-9999-9999
10 70000  3116B  -15B  210  240  128
20 69700 -9999   -17B  220-9999-9999
20 67600 -9999   -15B  430-9999-9999
20 65200 -9999   -29B  280-9999-9999
20 64100 -9999   -27B  330-9999-9999
20 62000 -9999   -47B  220-9999-9999
20 59000 -9999   -77B  220-9999-9999
20 57700 -9999   -83B  310-9999-9999
20 56100 -9999   -85B  260-9999-9999
20 52900 -9999  -129B  210-9999-9999
20 50800 -9999  -155B  120-9999-9999
10 50000  5740B -163B  100  250  319
20 49500 -9999  -167B   90-9999-9999
20 48800 -9999  -171B   28-9999-9999
20 48100 -9999  -181B   20-9999-9999
20 46400 -9999  -199B   50-9999-9999
20 45900 -9999  -205B   90-9999-9999
20 45600 -9999  -207B  250-9999-9999
20 45400 -9999  -211B  370-9999-9999
20 44900 -9999  -215B  240-9999-9999
20 44100 -9999  -223B  100-9999-9999
20 43200 -9999  -239B   90-9999-9999
20 42800 -9999  -237B  230-9999-9999
20 42600 -9999  -237B  380-9999-9999
20 40100 -9999  -255B  420-9999-9999
10 40000  7380B -255B  420  245  458
20 35000 -9999  -325B  390-9999-9999
20 33700 -9999  -333B  350-9999-9999
20 33500 -9999  -337B  230-9999-9999
20 33100 -9999  -345B   70-9999-9999
20 32700 -9999  -353B   47-9999-9999
20 31600 -9999  -371B   32-9999-9999
20 30900 -9999  -383B   34-9999-9999
10 30000  9410B -389B   32  240  586
20 29900 -9999  -391B   32-9999-9999
20 26400 -9999  -465B   40-9999-9999
10 25000 10630B -489B   39  235  597
20 23400 -9999  -525B   29-9999-9999
20 23000 -9999  -535B   41-9999-9999
20 22500 -9999  -545B   80-9999-9999
20 22200 -9999  -551B  110-9999-9999
20 21500 -9999  -561B  160-9999-9999
20 21000 -9999  -573B  130-9999-9999
20 20700 -9999  -577B   90-9999-9999
30 20200 -9999 -9999 -9999  245  694
10 20000 12060B -597B   44  245  689
20 19200 -9999  -621B   50-9999-9999
22 17800 -9999  -653B   60  245  607
20 17400 -9999  -647B   70-9999-9999
20 17000 -9999  -627B   90-9999-9999
20 16800 -9999  -625B   90-9999-9999
20 16400 -9999  -633B  100-9999-9999
10 15000 13830B -637B  130  255  561
20 14400 -9999  -635B  140-9999-9999
20 13600 -9999  -647B  150-9999-9999
20 12500 -9999  -643B  170-9999-9999
22 10600 -9999  -687B  170  265  494
20 10400 -9999  -677B  180-9999-9999
10 10000 16290B -677B  180  270  463
20  8580 -9999  -703B  180-9999-9999
20  8440 -9999  -685B  190-9999-9999
20  7530 -9999  -657B  200-9999-9999
20  7069 -9999  -671B  200-9999-9999
10  7000 18430B -669B  210  270  298
20  5930 -9999  -661B  230-9999-9999
20  5500 -9999  -685B  230-9999-9999
20  5280 -9999  -663B  240-9999-9999
10  5000 20460B -659B  240  280  216
20  4790 -9999  -647B  260-9999-9999
20  4540 -9999  -613B  280-9999-9999
20  3830 -9999  -575B  320-9999-9999
20  3640 -9999  -595B  310-9999-9999
10  3000 23640B -627B  300  260  200
20  2990 -9999  -627B  300-9999-9999
20  2930 -9999  -585B  310-9999-9999
20  2710 -9999  -539B  330-9999-9999
20  2430 -9999  -573B  320-9999-9999
20  2270 -9999  -575B  320-9999-9999
20  2200 -9999  -551B  320-9999-9999
10  2000 26220B -527B  330  250  272
20  1940 -9999  -515B  330-9999-9999
20  1510 -9999  -521B  330-9999-9999
20  1410 -9999  -487B  340-9999-9999
20  1380 -9999  -465B  350-9999-9999
20  1210 -9999  -473B  350-9999-9999
20  1050 -9999  -451B  350-9999-9999
30  1030 -9999 -9999 -9999  255  458
10  1000 30770B -417B  360  260  453
20   889 -9999  -451B  350-9999-9999
20   820 -9999  -435B  360-9999-9999
20   760 -9999  -473B  350-9999-9999
20   730 -9999  -445B  360-9999-9999
20   700 -9999  -449B  350-9999-9999
30 -9999   304 -9999 -9999  110   41
30 -9999   609 -9999 -9999  135  113
30 -9999   914 -9999 -9999  185   61
30 -9999  1219 -9999 -9999  180   61
30 -9999  1524 -9999 -9999  205   61
30 -9999  1828 -9999 -9999  215   46
30 -9999  2133 -9999 -9999  245   77
30 -9999  2438 -9999 -9999  255  144
30 -9999  2743 -9999 -9999  250  128
30 -9999  3048 -9999 -9999  240  128
30 -9999  3352 -9999 -9999  250  144
30 -9999  3657 -9999 -9999  245  133
30 -9999  4267 -9999 -9999  260  128
30 -9999  4572 -9999 -9999  255  118
30 -9999  4876 -9999 -9999  255  226
30 -9999  5486 -9999 -9999  255  314
30 -9999  6096 -9999 -9999  245  329
30 -9999  7315 -9999 -9999  245  458
30 -9999  7620 -9999 -9999  245  442
30 -9999  9144 -9999 -9999  240  561
30 -9999  9448 -9999 -9999  240  586
30 -9999 11277 -9999 -9999  245  592
30 -9999 11887 -9999 -9999  245  694
30 -9999 15240 -9999 -9999  255  489
30 -9999 16764 -9999 -9999  275  355
30 -9999 17373 -9999 -9999  275  350
30 -9999 17983 -9999 -9999  265  236
30 -9999 18288 -9999 -9999  265  303
30 -9999 18592 -9999 -9999  275  267
30 -9999 19202 -9999 -9999  250  247
30 -9999 19507 -9999 -9999  265  205
30 -9999 21336 -9999 -9999  280  236
30 -9999 21640 -9999 -9999  290  185
30 -9999 22250 -9999 -9999  275  108
30 -9999 22860 -9999 -9999  245  144
30 -9999 23774 -9999 -9999  265  211
30 -9999 24384 -9999 -9999  240  195
30 -9999 25298 -9999 -9999  255  211
30 -9999 27432 -9999 -9999  255  308
30 -9999 28956 -9999 -9999  250  334
30 -9999 30480 -9999 -9999  255  458
30 -9999 32918 -9999 -9999  255  401
