#7220220140101002343 167
21102200B    5   226B   38   30   20
20101800A-9999   226B   44-9999-9999
10100000   192B  212B   35   45   72
20 93500 -9999   166B    1-9999-9999
10 92500   863B  164B    0   65  113
20 89600 -9999   162B    0-9999-9999
10 85000  1583B  138B    0  125   61
20 84400 -9999   136B    0-9999-9999
20 83200 -9999   134B   27-9999-9999
20 81700 -9999   132B   25-9999-9999
20 80100 -9999   120B   15-9999-9999
20 77000 -9999   108B   32-9999-9999
20 73500 -9999    76B   20-9999-9999
20 72300 -9999    76B    7-9999-9999
10 70000  3204B   64B    0  140   51
20 68300 -9999    56B    0-9999-9999
20 63000 -9999    16B    0-9999-9999
20 61500 -9999    16B  100-9999-9999
20 61300 -9999    20B  120-9999-9999
20 60900 -9999    26B   80-9999-9999
20 60600 -9999    26B   90-9999-9999
20 60300 -9999    30B  150-9999-9999
20 60100 -9999    28B  150-9999-9999
20 59600 -9999    22B  110-9999-9999
20 59100 -9999    22B  140-9999-9999
20 56500 -9999    -9B  110-9999-9999
20 55700 -9999    -9B  250-9999-9999
20 55100 -9999   -11B  310-9999-9999
20 50700 -9999   -47B  300-9999-9999
10 50000  5910B  -57B  270  240  128
20 47800 -9999   -83B  200-9999-9999
20 47000 -9999   -93B  250-9999-9999
20 43900 -9999  -141B  180-9999-9999
20 40100 -9999  -195B  190-9999-9999
10 40000  7610B -195B  180  240  133
20 39500 -9999  -199B  120-9999-9999
20 38100 -9999  -223B  120-9999-9999
20 36900 -9999  -243B   80-9999-9999
20 35800 -9999  -265B   80-9999-9999
20 35600 -9999  -261B   46-9999-9999
20 34700 -9999  -273B   48-9999-9999
20 32200 -9999  -315B   42-9999-9999
20 30100 -9999  -359B   13-9999-9999
10 30000  9680B -361B   12  245  149
20 28900 -9999  -383B   33-9999-9999
20 28500 -9999  -393B   30-9999-9999
20 27900 -9999  -397B   41-9999-9999
20 26700 -9999  -415B   39-9999-9999
10 25000 10920B -453B   45  250  211
20 22100 -9999  -527B   44-9999-9999
20 21400 -9999  -547B   37-9999-9999
10 20000 12370B -583B   41  260  247
20 17700 -9999  -647B   50-9999-9999
20 17300 -9999  -645B   50-9999-9999
20 16100 -9999  -673B   43-9999-9999
22 15200 -9999  -693B   60  280  370
10 15000 14120B -693B   60  280  380
20 14700 -9999  -695B   60-9999-9999
20 14400 -9999  -671B   80-9999-9999
20 14100 -9999  -671B   90-9999-9999
20 14000 -9999  -661B  100-9999-9999
20 13800 -9999  -661B  110-9999-9999
20 13000 -9999  -681B  140-9999-9999
30 10600 -9999 -9999 -9999  255  406
20 10500 -9999  -715B  170-9999-9999
10 10000 16540B -739B  160  255  396
30  9030 -9999 -9999 -9999  260  401
22  8910 -9999  -791B  140  265  391
20  7969 -9999  -777B  130-9999-9999
20  7719 -9999  -739B  140-9999-9999
20  7340 -9999  -757B  140-9999-9999
10  7000 18600B -757B  140  265  211
20  6220 -9999  -759B  140-9999-9999
20  5940 -9999  -713B  150-9999-9999
10  5000 20570B -679B  200  190   82
20  4680 -9999  -675B  210-9999-9999
20  4470 -9999  -641B  240-9999-9999
20  4250 -9999  -625B  250-9999-9999
20  4030 -9999  -637B  260-9999-9999
20  3480 -9999  -575B  300-9999-9999
20  3230 -9999  -565B  300-9999-9999
10  3000 23740B -577B  300  230   30
20  2900 -9999  -575B  300-9999-9999
20  2610 -9999  -527B  320-9999-9999
20  2470 -9999  -535B  320-9999-9999
20  2240 -9999  -507B  330-9999-9999
10  2000 26350B -501B  330  185   41
20  1779 -9999  -489B  330-9999-9999
20  1679 -9999  -457B  350-9999-9999
20  1600 -9999  -481B  330-9999-9999
20  1300 -9999  -515B  320-9999-9999
20  1250 -9999  -501B  330-9999-9999
20  1180 -9999  -507B  330-9999-9999
20  1020 -9999  -457B  350-9999-9999
10  1000 30900B -459B  350  235   15
20   930 -9999  -453B  350-9999-9999
20   900 -9999  -427B  360-9999-9999
20   880 -9999  -429B  360-9999-9999
20   839 -9999  -383B  370-9999-9999
20   780 -9999  -401B  370-9999-9999
20   740 -9999  -391B  370-9999-9999
10   700 33330B -357B  380  355  128
20   680 -9999  -361B  380-9999-9999
20   650 -9999  -331B  390-9999-9999
20   620 -9999  -349A  390-9999-9999
30 -9999   304 -9999 -9999   50   92
30 -9999   609 -9999 -9999   60  123
30 -9999   914 -9999 -9999   60  118
30 -9999  1219 -9999 -9999  105   66
30 -9999  1524 -9999 -9999  130   66
30 -9999  1828 -9999 -9999  125   61
30 -9999  2133 -9999 -9999  105   41
30 -9999  2438 -9999 -9999    0    5
30 -9999  2743 -9999 -9999  275   51
30 -9999  3352 -9999 -9999  150   51
30 -9999  3657 -9999 -9999  175   66
30 -9999  3962 -9999 -9999  170   61
30 -9999  4267 -9999 -9999  210   56
30 -9999  4876 -9999 -9999  245   61
30 -9999  5181 -9999 -9999  230  113
30 -9999  5486 -9999 -9999  260  108
30 -9999  6096 -9999 -9999  230  138
30 -9999  7620 -9999 -9999  245  144
30 -9999  8534 -9999 -9999  230  118
30 -9999  9144 -9999 -9999  260  164
30 -9999 10058 -9999 -9999  245  133
30 -9999 10363 -9999 -9999  250  216
30 -9999 11887 -9999 -9999  245  221
30 -9999 13106 -9999 -9999  275  283
30 -9999 13411 -9999 -9999  275  365
30 -9999 14325 -9999 -9999  275  391
30 -9999 14630 -9999 -9999  260  319
30 -9999 15240 -9999 -9999  260  344
30 -9999 16154 -9999 -9999  255  406
30 -9999 17068 -9999 -9999  260  401
30 -9999 17983 -9999 -9999  250  200
30 -9999 18288 -9999 -9999  245  205
30 -9999 18897 -9999 -9999  275  185
30 -9999 19507 -9999 -9999  255  133
30 -9999 19812 -9999 -9999  300  118
30 -9999 20116 -9999 -9999  285   66
30 -9999 20421 -9999 -9999  195   72
30 -9999 20726 -9999 -9999  175   92
30 -9999 21031 -9999 -9999  200   97
30 -9999 21336 -9999 -9999  200   66
30 -9999 21640 -9999 -9999  270   61
30 -9999 22555 -9999 -9999  235   97
30 -9999 22860 -9999 -9999  240   66
30 -9999 24384 -9999 -9999  210   56
30 -9999 25298 -9999 -9999  260   66
30 -9999 25908 -9999 -9999  200   15
30 -9999 26212 -9999 -9999  165   87
30 -9999 26517 -9999 -9999  230   25
30 -9999 26822 -9999 -9999  255   72
30 -9999 27127 -9999 -9999  210   82
30 -9999 27432 -9999 -9999  240  123
30 -9999 28346 -9999 -9999  265  138
30 -9999 28651 -9999 -9999  280  133
30 -9999 29260 -9999 -9999  265  118
30 -9999 30480 -9999 -9999  235   20
30 -9999 30784 -9999 -9999  240   15
30 -9999 31394 -9999 -9999  300   77
30 -9999 31699 -9999 -9999  305   82
30 -9999 32004 -9999 -9999  345   97
30 -9999 32308 -9999 -9999  335  144
30 -9999 33528 -9999 -9999    5  154
30 -9999 34137 -9999 -9999   75  149
