#7224820140101121107 143
21101300B   79     6B    6  180   20
10100000   186B   32B   26  185   82
20 99400 -9999    48B   30-9999-9999
20 98900 -9999    62B   51-9999-9999
20 98300 -9999    64B   69-9999-9999
20 97700 -9999    62B   51-9999-9999
20 97100 -9999    64B   69-9999-9999
20 95700 -9999    62B   61-9999-9999
20 95100 -9999    68B   79-9999-9999
20 94500 -9999    82B  190-9999-9999
20 94200 -9999    88B  180-9999-9999
20 93700 -9999    88B  140-9999-9999
10 92500   827B   88B  150  245   77
20 90800 -9999    82B  140-9999-9999
20 87800 -9999    92B  210-9999-9999
10 85000  1525B   82B  180  270  123
20 84800 -9999    82B  180-9999-9999
20 81600 -9999    54B  170-9999-9999
20 78600 -9999    38B  200-9999-9999
20 76800 -9999    40B  310-9999-9999
20 73300 -9999    18B  260-9999-9999
20 72900 -9999    16B  190-9999-9999
20 71400 -9999     4B  180-9999-9999
20 70600 -9999     2B  300-9999-9999
10 70000  3100B   -1B  310  260  123
20 69200 -9999    -3B  460-9999-9999
20 64600 -9999   -31B  390-9999-9999
20 60900 -9999   -65B  240-9999-9999
20 59100 -9999   -73B  310-9999-9999
20 54900 -9999  -103B  240-9999-9999
20 52700 -9999  -109B  250-9999-9999
20 51300 -9999  -127B  240-9999-9999
10 50000  5720B -137B  260  255  154
20 48800 -9999  -145B  280-9999-9999
10 40000  7380B -251B  390  240  200
20 38400 -9999  -277B  410-9999-9999
20 33800 -9999  -335B  390-9999-9999
20 30600 -9999  -393B  330-9999-9999
10 30000  9410B -399B  340  235  437
20 29500 -9999  -403B  360-9999-9999
20 27100 -9999  -449B  330-9999-9999
20 25300 -9999  -475B  190-9999-9999
10 25000 10630B -481B  190  240  519
10 20000 12060B -593B  110  245  592
30 18700 -9999 -9999 -9999  240  658
22 18400 -9999  -635B   60  245  643
20 17800 -9999  -631B   90-9999-9999
20 17200 -9999  -613B  130-9999-9999
20 16200 -9999  -623B  180-9999-9999
20 15100 -9999  -617B  220-9999-9999
10 15000 13840B -619B  230  250  555
20 13300 -9999  -657B  220-9999-9999
20 11800 -9999  -657B  240-9999-9999
20 11200 -9999  -677B  240-9999-9999
20 10900 -9999  -677B  240-9999-9999
20 10500 -9999  -685B  240-9999-9999
20 10300 -9999  -673B  240-9999-9999
10 10000 16300B -669B  240  260  314
22  8810 -9999  -713B  210  260  380
20  8470 -9999  -695B  230-9999-9999
20  8069 -9999  -707B  220-9999-9999
20  7580 -9999  -685B  220-9999-9999
20  7150 -9999  -699B  220-9999-9999
10  7000 18430B -691B  220  280  262
20  6850 -9999  -673B  230-9999-9999
20  6180 -9999  -685B  230-9999-9999
20  6040 -9999  -659B  250-9999-9999
20  5740 -9999  -645B  260-9999-9999
20  5230 -9999  -643B  280-9999-9999
20  5030 -9999  -659B  280-9999-9999
10  5000 20470B -657B  280  265  221
20  4750 -9999  -637B  300-9999-9999
20  4510 -9999  -651B  290-9999-9999
20  4330 -9999  -643B  300-9999-9999
20  4160 -9999  -613B  310-9999-9999
20  4000 -9999  -629B  300-9999-9999
20  3520 -9999  -609B  310-9999-9999
20  3200 -9999  -617B  300-9999-9999
10  3000 23620B -609B  310  260  236
20  2920 -9999  -587B  310-9999-9999
20  2700 -9999  -591B  310-9999-9999
20  2480 -9999  -559B  320-9999-9999
10  2000 26190B -537B  330  240  314
20  1920 -9999  -543B  330-9999-9999
20  1720 -9999  -495B  340-9999-9999
20  1679 -9999  -505B  340-9999-9999
20  1470 -9999  -477B  350-9999-9999
20  1370 -9999  -481B  340-9999-9999
20  1330 -9999  -469B  350-9999-9999
20  1290 -9999  -427B  360-9999-9999
30  1240 -9999 -9999 -9999  255  494
20  1200 -9999  -399B  370-9999-9999
20  1130 -9999  -415B  360-9999-9999
10  1000 30790B -395B  370  255  396
20   989 -9999  -393B  370-9999-9999
20   850 -9999  -437B  360-9999-9999
10   700 33210B -407B  370  240  427
20   690 -9999  -403B  370-9999-9999
30 -9999   304 -9999 -9999  195  113
30 -9999   609 -9999 -9999  240   66
30 -9999   914 -9999 -9999  245   77
30 -9999  1219 -9999 -9999  275   77
30 -9999  1828 -9999 -9999  255  128
30 -9999  2133 -9999 -9999  260  113
30 -9999  2438 -9999 -9999  250  138
30 -9999  2743 -9999 -9999  255  164
30 -9999  3657 -9999 -9999  245  102
30 -9999  3962 -9999 -9999  245   97
30 -9999  4267 -9999 -9999  270  113
30 -9999  4876 -9999 -9999  250  118
30 -9999  5486 -9999 -9999  265  133
30 -9999  5791 -9999 -9999  250  169
30 -9999  6096 -9999 -9999  250  175
30 -9999  7620 -9999 -9999  245  195
30 -9999  8839 -9999 -9999  240  422
30 -9999  9144 -9999 -9999  240  432
30 -9999 12496 -9999 -9999  240  658
30 -9999 13106 -9999 -9999  250  545
30 -9999 15240 -9999 -9999  250  432
30 -9999 15544 -9999 -9999  255  463
30 -9999 17068 -9999 -9999  260  380
30 -9999 17983 -9999 -9999  255  293
30 -9999 18288 -9999 -9999  275  257
30 -9999 18592 -9999 -9999  280  252
30 -9999 18897 -9999 -9999  240  205
30 -9999 19812 -9999 -9999  280  216
30 -9999 20421 -9999 -9999  260  190
30 -9999 20726 -9999 -9999  270  252
30 -9999 21031 -9999 -9999  280  195
30 -9999 21336 -9999 -9999  265  180
30 -9999 21945 -9999 -9999  265  180
30 -9999 22250 -9999 -9999  285  144
30 -9999 23164 -9999 -9999  255  154
30 -9999 23469 -9999 -9999  245  200
30 -9999 23774 -9999 -9999  260  236
30 -9999 24384 -9999 -9999  270  226
30 -9999 25908 -9999 -9999  245  257
30 -9999 27432 -9999 -9999  260  401
30 -9999 29260 -9999 -9999  255  494
30 -9999 30480 -9999 -9999  255  406
30 -9999 31089 -9999 -9999  255  370
30 -9999 32004 -9999 -9999  245  447
30 -9999 33223 -9999 -9999  240  427
