#7221020140101002303 156
21102200B   13   182B   70   35   15
20100800 -9999   178B  101-9999-9999
10100000   203B  172B   90   50   77
20 97500 -9999   156B   90-9999-9999
20 96800 -9999   154B  111-9999-9999
20 96100 -9999   154B   91-9999-9999
20 95100 -9999   160B  130-9999-9999
10 92500   865B  148B  110   70   97
20 89000 -9999   126B  100-9999-9999
20 85400 -9999   136B  130-9999-9999
10 85000  1577B  134B  131  145   25
20 83500 -9999   120B  120-9999-9999
20 82000 -9999   112B  180-9999-9999
20 81300 -9999   106B  139-9999-9999
20 80200 -9999   100B  130-9999-9999
20 78400 -9999    84B   51-9999-9999
20 78000 -9999    86B   32-9999-9999
20 77400 -9999    96B   36-9999-9999
20 75700 -9999    84B   44-9999-9999
20 74600 -9999    76B   30-9999-9999
20 71800 -9999    74B   18-9999-9999
10 70000  3187B   58B    6  250  123
20 68400 -9999    50B    1-9999-9999
20 56800 -9999   -39B    7-9999-9999
20 55500 -9999   -49B   14-9999-9999
20 54600 -9999   -57B   33-9999-9999
20 54200 -9999   -59B   80-9999-9999
20 54000 -9999   -59B  120-9999-9999
20 53100 -9999   -45B  190-9999-9999
20 52900 -9999   -43B  180-9999-9999
20 52600 -9999   -43B  130-9999-9999
20 51700 -9999   -41B  180-9999-9999
10 50000  5880B  -65B  130  255  241
20 46000 -9999  -125B   70-9999-9999
20 43900 -9999  -151B  170-9999-9999
20 43600 -9999  -157B  130-9999-9999
20 43300 -9999  -161B  210-9999-9999
20 43000 -9999  -165B  230-9999-9999
20 42100 -9999  -177B  160-9999-9999
20 41300 -9999  -189B   90-9999-9999
20 40400 -9999  -205B   80-9999-9999
10 40000  7570B -211B   90  245  262
20 39700 -9999  -213B  110-9999-9999
20 39300 -9999  -217B   90-9999-9999
20 35100 -9999  -293B   28-9999-9999
20 34100 -9999  -307B   43-9999-9999
20 32500 -9999  -333B   39-9999-9999
10 30000  9620B -361B   32  245  283
20 29200 -9999  -371B   30-9999-9999
20 27200 -9999  -409B   29-9999-9999
10 25000 10870B -455B   47  255  344
20 23600 -9999  -489B   60-9999-9999
10 20000 12310B -583B   60  250  380
20 18600 -9999  -625B   60-9999-9999
20 15600 -9999  -705B   60-9999-9999
22 15100 -9999  -711B   60  260  447
10 15000 14060B -705B   70  260  463
20 14600 -9999  -707B   70-9999-9999
30 14500 -9999 -9999 -9999  265  494
20 14200 -9999  -697B   80-9999-9999
20 14100 -9999  -687B   90-9999-9999
20 13000 -9999  -673B  110-9999-9999
20 12800 -9999  -657B  120-9999-9999
20 11200 -9999  -699B  130-9999-9999
20 10700 -9999  -725B  120-9999-9999
10 10000 16480B -737B  120  265  422
20  9560 -9999  -743B  120-9999-9999
20  9200 -9999  -721B  130-9999-9999
22  8280 -9999  -771B  110  255  344
10  7000 18550B -741B  120  260  200
20  6869 -9999  -731B  130-9999-9999
20  6320 -9999  -759B  110-9999-9999
20  6190 -9999  -719B  130-9999-9999
20  6060 -9999  -723B  130-9999-9999
20  5910 -9999  -703B  140-9999-9999
20  5220 -9999  -657B  170-9999-9999
10  5000 20550B -649B  170  245  102
20  4250 -9999  -639B  200-9999-9999
20  4059 -9999  -613B  220-9999-9999
20  3890 -9999  -627B  220-9999-9999
20  3530 -9999  -599B  260-9999-9999
20  3200 -9999  -599B  280-9999-9999
20  3110 -9999  -575B  300-9999-9999
10  3000 23710B -577B  300  195  102
20  2980 -9999  -579B  300-9999-9999
20  2860 -9999  -549B  310-9999-9999
20  2730 -9999  -549B  320-9999-9999
20  2450 -9999  -509B  340-9999-9999
10  2000 26330B -507B  340  230   72
20  1990 -9999  -507B  340-9999-9999
20  1950 -9999  -495B  340-9999-9999
20  1740 -9999  -509B  340-9999-9999
20  1570 -9999  -473B  350-9999-9999
20  1490 -9999  -487B  340-9999-9999
20  1180 -9999  -481B  340-9999-9999
20  1070 -9999  -443B  360-9999-9999
10  1000 30900B -457B  350  290   77
20   930 -9999  -467B  350-9999-9999
20   880 -9999  -457B  350-9999-9999
20   820 -9999  -397B  370-9999-9999
20   740 -9999  -423B  360-9999-9999
30 -9999   304 -9999 -9999   50   72
30 -9999   609 -9999 -9999   80   97
30 -9999   914 -9999 -9999   70   97
30 -9999  1219 -9999 -9999   75   56
30 -9999  1828 -9999 -9999  180   10
30 -9999  2133 -9999 -9999  210   51
30 -9999  2438 -9999 -9999  255   61
30 -9999  2743 -9999 -9999  275  102
30 -9999  3657 -9999 -9999  220  138
30 -9999  4267 -9999 -9999  235  138
30 -9999  4876 -9999 -9999  245  144
30 -9999  5486 -9999 -9999  260  236
30 -9999  6096 -9999 -9999  250  231
30 -9999  7315 -9999 -9999  240  252
30 -9999  7620 -9999 -9999  250  267
30 -9999  9144 -9999 -9999  265  272
30 -9999  9448 -9999 -9999  250  252
30 -9999 14325 -9999 -9999  265  494
30 -9999 14935 -9999 -9999  260  422
30 -9999 15240 -9999 -9999  265  427
30 -9999 17068 -9999 -9999  255  334
30 -9999 17983 -9999 -9999  270  314
30 -9999 18288 -9999 -9999  275  252
30 -9999 18592 -9999 -9999  250  190
30 -9999 18897 -9999 -9999  235  195
30 -9999 19202 -9999 -9999  245  231
30 -9999 20116 -9999 -9999  275  118
30 -9999 20421 -9999 -9999  245   97
30 -9999 21336 -9999 -9999  255  113
30 -9999 21640 -9999 -9999  240  102
30 -9999 21945 -9999 -9999  270  123
30 -9999 22250 -9999 -9999  280  113
30 -9999 22555 -9999 -9999  235  138
30 -9999 22860 -9999 -9999  245   66
30 -9999 23164 -9999 -9999  225   87
30 -9999 23469 -9999 -9999  195   87
30 -9999 23774 -9999 -9999  195  102
30 -9999 24384 -9999 -9999  260  102
30 -9999 24688 -9999 -9999  205   77
30 -9999 24993 -9999 -9999  265   77
30 -9999 25298 -9999 -9999  290   82
30 -9999 25603 -9999 -9999  255   56
30 -9999 26212 -9999 -9999  220   87
30 -9999 26517 -9999 -9999  250   77
30 -9999 27127 -9999 -9999  250   97
30 -9999 27432 -9999 -9999  225  118
30 -9999 28041 -9999 -9999  270  144
30 -9999 28346 -9999 -9999  280  102
30 -9999 28651 -9999 -9999  235   97
30 -9999 29870 -9999 -9999  270   92
30 -9999 30175 -9999 -9999  215   61
30 -9999 30480 -9999 -9999  290   97
30 -9999 30784 -9999 -9999  290   77
30 -9999 31394 -9999 -9999  255   51
30 -9999 32613 -9999 -9999  335  123
