#7223520140101002301 116
21101800B   91    56B   60   60   15
10100000   234B   50B   70   65   36
20 97100 -9999    32B   70-9999-9999
20 96000 -9999    30B   90-9999-9999
20 94900 -9999    36B  110-9999-9999
20 94000 -9999    38B  180-9999-9999
10 92500   867B   40B  180  110   46
20 91000 -9999    40B  170-9999-9999
20 89300 -9999    72B  290-9999-9999
20 86800 -9999    66B  290-9999-9999
10 85000  1557B   52B  280  230   51
20 84100 -9999    46B  250-9999-9999
20 82600 -9999    46B  300-9999-9999
20 76000 -9999     2B  310-9999-9999
20 73600 -9999    10B  490-9999-9999
20 72200 -9999     2B  490-9999-9999
10 70000  3121B    2B  490  235   97
20 69100 -9999     2B  490-9999-9999
20 65100 -9999   -25B  490-9999-9999
20 63900 -9999   -27B  490-9999-9999
20 59100 -9999   -69B  480-9999-9999
20 57100 -9999   -89B  260-9999-9999
20 56100 -9999   -93B  230-9999-9999
20 55400 -9999   -97B  350-9999-9999
20 51900 -9999  -121B  220-9999-9999
20 51000 -9999  -125B  300-9999-9999
10 50000  5750B -137B  280  270  257
20 49200 -9999  -147B  240-9999-9999
20 47000 -9999  -165B   37-9999-9999
20 45700 -9999  -177B   27-9999-9999
20 43100 -9999  -209B   16-9999-9999
20 41100 -9999  -233B   38-9999-9999
10 40000  7410B -247B   35  260  386
20 37400 -9999  -281B   33-9999-9999
20 33800 -9999  -323B   29-9999-9999
10 30000  9440B -385B   34  245  519
20 27800 -9999  -425B   38-9999-9999
10 25000 10670B -489B   41  245  576
20 24600 -9999  -499B   40-9999-9999
20 22600 -9999  -549B   50-9999-9999
20 21500 -9999  -569B   60-9999-9999
20 21200 -9999  -565B   60-9999-9999
30 20900 -9999 -9999 -9999  255  689
20 20400 -9999  -587B   70-9999-9999
10 20000 12100B -599B   70  255  679
22 16600 -9999  -695B   60  250  653
20 16400 -9999  -681B   70-9999-9999
20 15800 -9999  -689B   70-9999-9999
20 15700 -9999  -665B   80-9999-9999
20 15600 -9999  -663B   80-9999-9999
10 15000 13840B -667B   80  260  633
20 14500 -9999  -653B   90-9999-9999
20 13900 -9999  -651B  100-9999-9999
20 13300 -9999  -661B  110-9999-9999
20 12500 -9999  -645B  120-9999-9999
20 11800 -9999  -655B  120-9999-9999
20 11600 -9999  -651B  130-9999-9999
20 11000 -9999  -663B  130-9999-9999
10 10000 16300B -681B  130  265  432
30  9960 -9999 -9999 -9999  265  432
20  8980 -9999  -675B  150-9999-9999
20  8430 -9999  -691B  150-9999-9999
20  8090 -9999  -679B  150-9999-9999
10  7000 18440B -693B  160  265  319
20  6830 -9999  -697B  160-9999-9999
20  6550 -9999  -673B  170-9999-9999
20  6100 -9999  -681B  170-9999-9999
20  5870 -9999  -647B  190-9999-9999
20  5530 -9999  -621B  200-9999-9999
10  5000 20490B -643B  210  265  211
20  4830 -9999  -647B  210-9999-9999
20  4370 -9999  -613B  240-9999-9999
20  4059 -9999  -611B  260-9999-9999
20  3920 -9999  -587B  270-9999-9999
20  3540 -9999  -603B  290-9999-9999
20  3470 -9999  -589B  300-9999-9999
20  3309 -9999  -593B  310-9999-9999
20  3230 -9999  -571B  320-9999-9999
10  3000 23670B -575B  320  255  169
20  2720 -9999  -585B  310-9999-9999
30 -9999   304 -9999 -9999   70   36
30 -9999   609 -9999 -9999   75   92
30 -9999   914 -9999 -9999  115   41
30 -9999  1219 -9999 -9999  200   15
30 -9999  1828 -9999 -9999  225   46
30 -9999  2133 -9999 -9999  215   56
30 -9999  2438 -9999 -9999  220   66
30 -9999  2743 -9999 -9999  230  102
30 -9999  3048 -9999 -9999  225  123
30 -9999  3657 -9999 -9999  245   61
30 -9999  3962 -9999 -9999  225   66
30 -9999  4267 -9999 -9999  230   61
30 -9999  4572 -9999 -9999  225   82
30 -9999  4876 -9999 -9999  250  113
30 -9999  5791 -9999 -9999  270  241
30 -9999  6096 -9999 -9999  265  360
30 -9999  7010 -9999 -9999  260  344
30 -9999  7620 -9999 -9999  260  411
30 -9999  8229 -9999 -9999  255  499
30 -9999  8839 -9999 -9999  245  447
30 -9999  9144 -9999 -9999  240  463
30 -9999 11887 -9999 -9999  255  689
30 -9999 14325 -9999 -9999  260  622
30 -9999 15240 -9999 -9999  255  525
30 -9999 16459 -9999 -9999  265  432
30 -9999 17068 -9999 -9999  265  308
30 -9999 17373 -9999 -9999  250  334
30 -9999 17678 -9999 -9999  270  360
30 -9999 18288 -9999 -9999  265  283
30 -9999 18592 -9999 -9999  270  324
30 -9999 19202 -9999 -9999  270  283
30 -9999 20116 -9999 -9999  245  216
30 -9999 20726 -9999 -9999  275  195
30 -9999 21031 -9999 -9999  260  169
30 -9999 21336 -9999 -9999  250  195
30 -9999 24079 -9999 -9999  260  195
