#7220220140101121109 148
21102000B    5   236B   29   80   30
20101800A-9999   238B   34-9999-9999
10100000   182B  226B   27   95   77
20 96400 -9999   200B    9-9999-9999
10 92500   856B  178B   13  115   92
20 89600 -9999   162B   17-9999-9999
10 85000  1576B  132B    0  130   87
20 84400 -9999   124B    2-9999-9999
20 83000 -9999   126B   32-9999-9999
20 81400 -9999   120B   16-9999-9999
20 80600 -9999   118B   22-9999-9999
20 78000 -9999   124B   61-9999-9999
20 75300 -9999   104B   61-9999-9999
20 74700 -9999   100B   60-9999-9999
20 73900 -9999   100B  140-9999-9999
20 73500 -9999    98B  140-9999-9999
20 72200 -9999    84B   81-9999-9999
20 71900 -9999    82B   81-9999-9999
20 71500 -9999    82B  120-9999-9999
20 71100 -9999    78B  120-9999-9999
20 70600 -9999    74B   50-9999-9999
20 70300 -9999    70B   40-9999-9999
10 70000  3197B   66B   45  150   25
20 69400 -9999    62B   49-9999-9999
20 65900 -9999    26B   23-9999-9999
20 63800 -9999    24B  120-9999-9999
20 62800 -9999    12B   60-9999-9999
20 62500 -9999    10B   60-9999-9999
20 61500 -9999    22B  200-9999-9999
20 59700 -9999    32B  350-9999-9999
10 50000  5890B  -79B  280  230  102
20 45800 -9999  -135B  250-9999-9999
20 42400 -9999  -159B  270-9999-9999
10 40000  7590B -191B  280  230  154
20 37500 -9999  -233B  230-9999-9999
20 37200 -9999  -239B  160-9999-9999
20 36900 -9999  -243B  150-9999-9999
20 36600 -9999  -245B  210-9999-9999
20 36400 -9999  -249B  200-9999-9999
20 34800 -9999  -273B   90-9999-9999
20 34300 -9999  -283B   90-9999-9999
20 33900 -9999  -285B  140-9999-9999
20 33700 -9999  -287B  130-9999-9999
20 31700 -9999  -327B   70-9999-9999
20 30900 -9999  -341B   70-9999-9999
10 30000  9660B -359B   50  250  159
20 29300 -9999  -375B   36-9999-9999
20 28800 -9999  -383B   50-9999-9999
20 28300 -9999  -387B  110-9999-9999
20 27900 -9999  -395B  110-9999-9999
20 27600 -9999  -397B  170-9999-9999
20 27100 -9999  -405B  190-9999-9999
10 25000 10900B -451B  130  250  241
20 24100 -9999  -473B  110-9999-9999
20 23200 -9999  -495B   70-9999-9999
10 20000 12350B -583B   70  265  236
20 19700 -9999  -593B   60-9999-9999
20 16800 -9999  -649B   70-9999-9999
20 16500 -9999  -641B   80-9999-9999
30 15600 -9999 -9999 -9999  280  365
10 15000 14120B -663B  130  280  329
20 14300 -9999  -643B  170-9999-9999
20 13900 -9999  -643B  190-9999-9999
20 12400 -9999  -697B  210-9999-9999
20 11000 -9999  -723B  190-9999-9999
10 10000 16540B -751B  170  265  298
30  9220 -9999 -9999 -9999  260  314
22  8680 -9999  -793B  140  260  288
20  7790 -9999  -793B  130-9999-9999
20  7660 -9999  -779B  130-9999-9999
10  7000 18580B -775B  130  270  159
20  6880 -9999  -767B  140-9999-9999
20  6610 -9999  -775B  140-9999-9999
20  6380 -9999  -755B  140-9999-9999
20  6280 -9999  -725B  150-9999-9999
20  5980 -9999  -741B  160-9999-9999
20  5750 -9999  -697B  180-9999-9999
20  5050 -9999  -709B  200-9999-9999
10  5000 20550B -703B  210  225  113
20  4850 -9999  -671B  220-9999-9999
20  4630 -9999  -649B  240-9999-9999
20  4400 -9999  -659B  250-9999-9999
20  4140 -9999  -619B  270-9999-9999
20  3890 -9999  -613B  280-9999-9999
20  3730 -9999  -579B  300-9999-9999
20  3359 -9999  -603B  280-9999-9999
20  3090 -9999  -559B  310-9999-9999
10  3000 23720B -559B  300  230   77
20  2570 -9999  -559B  300-9999-9999
20  2420 -9999  -507B  320-9999-9999
20  2200 -9999  -489B  330-9999-9999
10  2000 26340B -493B  320  240   30
20  1790 -9999  -501B  320-9999-9999
20  1670 -9999  -487B  320-9999-9999
20  1570 -9999  -447B  340-9999-9999
20  1320 -9999  -485B  320-9999-9999
20  1220 -9999  -463B  340-9999-9999
20  1140 -9999  -471B  330-9999-9999
20  1060 -9999  -445B  340-9999-9999
30 -9999   304 -9999 -9999  100   92
30 -9999   609 -9999 -9999  105  102
30 -9999   914 -9999 -9999  120   92
30 -9999  1219 -9999 -9999  125   92
30 -9999  1524 -9999 -9999  130   82
30 -9999  1828 -9999 -9999  125   66
30 -9999  2133 -9999 -9999  135   46
30 -9999  2438 -9999 -9999  150   46
30 -9999  2743 -9999 -9999  180   51
30 -9999  3352 -9999 -9999  165   20
30 -9999  3657 -9999 -9999  210   41
30 -9999  4267 -9999 -9999  230   66
30 -9999  4572 -9999 -9999  245   92
30 -9999  4876 -9999 -9999  235  108
30 -9999  5486 -9999 -9999  225  108
30 -9999  6096 -9999 -9999  230  113
30 -9999  7010 -9999 -9999  225  159
30 -9999  7620 -9999 -9999  230  149
30 -9999  9144 -9999 -9999  250  154
30 -9999  9753 -9999 -9999  250  159
30 -9999 14020 -9999 -9999  280  365
30 -9999 15240 -9999 -9999  265  277
30 -9999 15544 -9999 -9999  255  308
30 -9999 17068 -9999 -9999  260  314
30 -9999 18288 -9999 -9999  280  200
30 -9999 20116 -9999 -9999  230   66
30 -9999 20421 -9999 -9999  220  102
30 -9999 21031 -9999 -9999  270  118
30 -9999 21336 -9999 -9999  235  118
30 -9999 21640 -9999 -9999  240   72
30 -9999 21945 -9999 -9999  245   61
30 -9999 22250 -9999 -9999  305   61
30 -9999 22860 -9999 -9999  140   10
30 -9999 23164 -9999 -9999  205   82
30 -9999 23469 -9999 -9999  235   72
30 -9999 23774 -9999 -9999  230   72
30 -9999 24384 -9999 -9999  265   61
30 -9999 24688 -9999 -9999  235   56
30 -9999 25298 -9999 -9999  235   56
30 -9999 25908 -9999 -9999  255   97
30 -9999 26212 -9999 -9999  270   61
30 -9999 26517 -9999 -9999  235   30
30 -9999 27127 -9999 -9999  280   51
30 -9999 27432 -9999 -9999  270   97
30 -9999 27736 -9999 -9999  275   77
30 -9999 28041 -9999 -9999  245   77
30 -9999 28956 -9999 -9999  335   56
30 -9999 29260 -9999 -9999   15   10
30 -9999 30480 -9999 -9999  300   36
