#7234020140101121119 136
21100200B  172   -15B    8  175   15
10100000   189B  -13B   15  185   25
20 98300 -9999    12B   27-9999-9999
20 96900 -9999    14B   31-9999-9999
20 95700 -9999    22B   60-9999-9999
20 95500 -9999    28B   80-9999-9999
20 94900 -9999    46B  200-9999-9999
20 94600 -9999    54B  190-9999-9999
20 93700 -9999    58B  200-9999-9999
20 93000 -9999    60B  160-9999-9999
10 92500   820B   64B  210  220  118
20 92100 -9999    68B  230-9999-9999
20 90000 -9999    62B  190-9999-9999
20 89200 -9999    58B  130-9999-9999
20 87600 -9999    60B  200-9999-9999
10 85000  1512B   52B  220  255   82
20 82400 -9999    32B  210-9999-9999
20 80100 -9999    40B  220-9999-9999
20 79000 -9999    40B  320-9999-9999
20 76500 -9999    20B  170-9999-9999
10 70000  3075B  -37B  130  265  102
20 69400 -9999   -43B  110-9999-9999
20 68400 -9999   -43B  110-9999-9999
20 67200 -9999   -41B  160-9999-9999
20 64200 -9999   -45B  220-9999-9999
20 61500 -9999   -67B  190-9999-9999
20 60800 -9999   -71B  120-9999-9999
20 59300 -9999   -89B   90-9999-9999
20 56300 -9999  -113B  100-9999-9999
20 53600 -9999  -143B   70-9999-9999
20 51800 -9999  -151B  110-9999-9999
10 50000  5680B -167B  120  255  211
20 48300 -9999  -183B  120-9999-9999
20 46700 -9999  -183B  170-9999-9999
20 45300 -9999  -193B  200-9999-9999
10 40000  7320B -269B  190  260  272
20 38600 -9999  -291B  190-9999-9999
10 30000  9330B -419B  220  250  386
20 26800 -9999  -483B  240-9999-9999
10 25000 10540B -509B  250  245  489
20 24100 -9999  -521B  240-9999-9999
20 20700 -9999  -589B  140-9999-9999
10 20000 11960B -595B  140  245  597
20 19500 -9999  -595B  140-9999-9999
20 18900 -9999  -611B  130-9999-9999
30 18200 -9999 -9999 -9999  250  633
20 18000 -9999  -609B  150-9999-9999
22 17400 -9999  -623B  160  250  602
20 17100 -9999  -621B  170-9999-9999
20 16900 -9999  -605B  180-9999-9999
20 15700 -9999  -629B  210-9999-9999
20 15200 -9999  -615B  230-9999-9999
10 15000 13750B -619B  230  255  597
20 12300 -9999  -659B  250-9999-9999
20 11800 -9999  -659B  250-9999-9999
22 11400 -9999  -673B  240  265  509
20 11000 -9999  -669B  240-9999-9999
10 10000 16220B -663B  260  255  432
20  9560 -9999  -651B  270-9999-9999
20  8950 -9999  -675B  260-9999-9999
20  7730 -9999  -653B  270-9999-9999
10  7000 18380B -659B  270  270  298
20  6669 -9999  -655B  280-9999-9999
20  6030 -9999  -675B  270-9999-9999
20  5760 -9999  -653B  290-9999-9999
20  5280 -9999  -633B-9999-9999-9999
10  5000 20420B -641B-9999  290  190
20  4710 -9999  -643B-9999-9999-9999
20  4450 -9999  -605B-9999-9999-9999
20  3900 -9999  -631B-9999-9999-9999
20  3740 -9999  -625B-9999-9999-9999
20  3650 -9999  -601B-9999-9999-9999
20  3100 -9999  -645B-9999-9999-9999
20  3050 -9999  -627B-9999-9999-9999
10  3000 23570B -631B-9999  280  267
20  2870 -9999  -623B-9999-9999-9999
20  2520 -9999  -577B-9999-9999-9999
20  2440 -9999  -545B-9999-9999-9999
20  2150 -9999  -549B-9999-9999-9999
10  2000 26130B -571B-9999  250  334
20  1979 -9999  -571B-9999-9999-9999
20  1779 -9999  -559B-9999-9999-9999
20  1710 -9999  -529B-9999-9999-9999
20  1550 -9999  -535B-9999-9999-9999
20  1470 -9999  -507B-9999-9999-9999
20  1350 -9999  -509B-9999-9999-9999
20  1300 -9999  -465B-9999-9999-9999
20  1230 -9999  -455B-9999-9999-9999
30  1140 -9999 -9999 -9999  260  617
20  1090 -9999  -393B-9999-9999-9999
20  1050 -9999  -405B-9999-9999-9999
10  1000 30690B -383B-9999  265  576
20   880 -9999  -407B-9999-9999-9999
20   830 -9999  -379B-9999-9999-9999
20   720 -9999  -427B-9999-9999-9999
20   700 -9999  -429B-9999-9999-9999
20   690 -9999  -411B  370-9999-9999
30 -9999   609 -9999 -9999  220  118
30 -9999   914 -9999 -9999  225  123
30 -9999  1219 -9999 -9999  225  113
30 -9999  1524 -9999 -9999  255   82
30 -9999  1828 -9999 -9999  255   92
30 -9999  2133 -9999 -9999  260  108
30 -9999  2438 -9999 -9999  255   41
30 -9999  2743 -9999 -9999  270   56
30 -9999  3657 -9999 -9999  260  195
30 -9999  4267 -9999 -9999  260  190
30 -9999  4876 -9999 -9999  255  195
30 -9999  5181 -9999 -9999  260  180
30 -9999  6096 -9999 -9999  250  247
30 -9999  7620 -9999 -9999  255  293
30 -9999  9144 -9999 -9999  250  370
30 -9999 10058 -9999 -9999  250  401
30 -9999 12496 -9999 -9999  250  633
30 -9999 14630 -9999 -9999  260  581
30 -9999 15240 -9999 -9999  265  514
30 -9999 18288 -9999 -9999  270  293
30 -9999 19202 -9999 -9999  280  200
30 -9999 19507 -9999 -9999  255  205
30 -9999 19812 -9999 -9999  265  267
30 -9999 20421 -9999 -9999  285  190
30 -9999 21031 -9999 -9999  260  211
30 -9999 21336 -9999 -9999  265  211
30 -9999 21945 -9999 -9999  275  190
30 -9999 22250 -9999 -9999  260  216
30 -9999 22555 -9999 -9999  270  185
30 -9999 22860 -9999 -9999  260  205
30 -9999 23469 -9999 -9999  280  262
30 -9999 24079 -9999 -9999  275  303
30 -9999 24384 -9999 -9999  275  293
30 -9999 25603 -9999 -9999  245  298
30 -9999 27432 -9999 -9999  255  453
30 -9999 29870 -9999 -9999  260  617
30 -9999 30480 -9999 -9999  265  586
30 -9999 32004 -9999 -9999  255  494
30 -9999 33223 -9999 -9999  245  530
