#7234020140101002306 122
21100600B  172    68B   69  145   30
10100000   223B   66B   80  160   41
20 95400 -9999    40B   80-9999-9999
20 94100 -9999    66B  130-9999-9999
20 93000 -9999    66B  180-9999-9999
10 92500   860B   64B  210  170   82
20 92400 -9999    62B  220-9999-9999
10 85000  1547B   16B  200  215   66
20 81500 -9999    -7B  180-9999-9999
20 79000 -9999    10B  320-9999-9999
20 75900 -9999    12B  490-9999-9999
20 71600 -9999   -21B  450-9999-9999
10 70000  3100B  -23B  470  240  128
20 67300 -9999   -33B  490-9999-9999
20 60100 -9999   -79B  480-9999-9999
20 56200 -9999  -117B  460-9999-9999
10 50000  5700B -181B  210  260  169
20 49100 -9999  -193B  180-9999-9999
20 43600 -9999  -235B  220-9999-9999
20 42300 -9999  -251B  250-9999-9999
20 41000 -9999  -273B  190-9999-9999
20 40300 -9999  -279B  170-9999-9999
10 40000  7330B -279B  200  265  247
20 39500 -9999  -285B  230-9999-9999
20 30500 -9999  -423B  280-9999-9999
10 30000  9330B -427B  290  250  319
20 26800 -9999  -477B  310-9999-9999
10 25000 10540B -513B  250  245  519
20 24800 -9999  -519B  240-9999-9999
20 22100 -9999  -563B  210-9999-9999
20 21200 -9999  -587B  200-9999-9999
30 20300 -9999 -9999 -9999  245  669
10 20000 11960B -607B  160  245  658
20 19300 -9999  -621B  150-9999-9999
22 18400 -9999  -633B  140  245  638
20 17000 -9999  -627B  160-9999-9999
20 16100 -9999  -647B  170-9999-9999
20 15900 -9999  -635B  180-9999-9999
20 15700 -9999  -631B  190-9999-9999
10 15000 13730B -637B  210  255  550
20 14800 -9999  -639B  220-9999-9999
20 14400 -9999  -631B  230-9999-9999
20 14100 -9999  -641B  240-9999-9999
20 13500 -9999  -635B  250-9999-9999
20 13200 -9999  -647B  250-9999-9999
20 12600 -9999  -653B  260-9999-9999
20 12300 -9999  -639B  260-9999-9999
20 11600 -9999  -639B  270-9999-9999
20 11000 -9999  -649B  280-9999-9999
10 10000 16200B -659B  280  270  427
20  9530 -9999  -643B  290-9999-9999
20  8980 -9999  -659B  290-9999-9999
20  8860 -9999  -663B-9999-9999-9999
20  8480 -9999  -647B-9999-9999-9999
20  8040 -9999  -661B-9999-9999-9999
20  7910 -9999  -647B-9999-9999-9999
20  7619 -9999  -661B-9999-9999-9999
20  7240 -9999  -645B-9999-9999-9999
30  7219 -9999 -9999 -9999  275  360
20  7030 -9999  -659B-9999-9999-9999
10  7000 18370B -657B-9999  280  324
20  6340 -9999  -631B-9999-9999-9999
20  5940 -9999  -645B-9999-9999-9999
20  5690 -9999  -607B-9999-9999-9999
10  5000 20440B -641B-9999  270  175
20  4720 -9999  -653B-9999-9999-9999
20  4600 -9999  -631B-9999-9999-9999
20  4330 -9999  -607B-9999-9999-9999
20  4080 -9999  -621B-9999-9999-9999
20  3800 -9999  -605B-9999-9999-9999
20  3490 -9999  -613B-9999-9999-9999
20  3280 -9999  -559B-9999-9999-9999
20  3160 -9999  -553B-9999-9999-9999
10  3000 23620B -575B-9999  245  180
20  2580 -9999  -625B-9999-9999-9999
20  2420 -9999  -611B-9999-9999-9999
20  2010 -9999  -527B-9999-9999-9999
10  2000 26170B -527B-9999  260  334
20  1770 -9999  -511B-9999-9999-9999
20  1360 -9999  -545B-9999-9999-9999
20  1270 -9999  -495B-9999-9999-9999
20  1040 -9999  -483B-9999-9999-9999
10  1000 30670B -459B-9999  250  519
20   980 -9999  -439B-9999-9999-9999
20   920 -9999  -431B  360-9999-9999
30 -9999   609 -9999 -9999  180   66
30 -9999   914 -9999 -9999  175   82
30 -9999  1219 -9999 -9999  180   77
30 -9999  1828 -9999 -9999  240   56
30 -9999  2133 -9999 -9999  285   56
30 -9999  2438 -9999 -9999  260  108
30 -9999  2743 -9999 -9999  250  128
30 -9999  3048 -9999 -9999  240  133
30 -9999  3352 -9999 -9999  255  118
30 -9999  3657 -9999 -9999  245  159
30 -9999  4267 -9999 -9999  245  180
30 -9999  4876 -9999 -9999  250  169
30 -9999  6096 -9999 -9999  265  216
30 -9999  6705 -9999 -9999  270  247
30 -9999  7620 -9999 -9999  265  277
30 -9999  9144 -9999 -9999  255  293
30 -9999 11887 -9999 -9999  245  669
30 -9999 13411 -9999 -9999  250  555
30 -9999 15240 -9999 -9999  265  540
30 -9999 17678 -9999 -9999  275  314
30 -9999 18288 -9999 -9999  275  360
30 -9999 18592 -9999 -9999  280  252
30 -9999 19202 -9999 -9999  255  247
30 -9999 19507 -9999 -9999  270  277
30 -9999 20116 -9999 -9999  275  169
30 -9999 21031 -9999 -9999  265  252
30 -9999 21336 -9999 -9999  260  221
30 -9999 22250 -9999 -9999  280  200
30 -9999 23774 -9999 -9999  245  180
30 -9999 24079 -9999 -9999  260  175
30 -9999 24384 -9999 -9999  250  205
30 -9999 24688 -9999 -9999  245  231
30 -9999 26822 -9999 -9999  265  386
30 -9999 27432 -9999 -9999  250  375
30 -9999 28651 -9999 -9999  250  391
30 -9999 30480 -9999 -9999  245  494
30 -9999 31089 -9999 -9999  250  561
