#7235720140101002302 132
21 98000B  358   104B  130  165   41
20 96600 -9999   100B  140-9999-9999
10 92500   825B   68B  140  180  128
20 88800 -9999    46B  140-9999-9999
20 87100 -9999    64B  240-9999-9999
10 85000  1516B   64B  260  220  154
20 83400 -9999    64B  290-9999-9999
20 79200 -9999    44B  190-9999-9999
20 71400 -9999   -15B  150-9999-9999
10 70000  3085B  -21B  130  270  159
20 68100 -9999   -33B  130-9999-9999
20 66200 -9999   -41B  190-9999-9999
20 62100 -9999   -65B  180-9999-9999
20 60000 -9999   -87B  190-9999-9999
20 59700 -9999   -91B  160-9999-9999
20 58900 -9999   -93B  130-9999-9999
20 56700 -9999  -101B  170-9999-9999
20 54000 -9999  -131B  150-9999-9999
20 51700 -9999  -159B  100-9999-9999
10 50000  5690B -171B  130  265  195
20 49300 -9999  -177B  150-9999-9999
20 46000 -9999  -203B  120-9999-9999
20 45200 -9999  -215B  120-9999-9999
20 44000 -9999  -229B   80-9999-9999
20 42300 -9999  -251B  110-9999-9999
20 40200 -9999  -271B  150-9999-9999
10 40000  7330B -275B  150  265  241
20 37500 -9999  -315B  130-9999-9999
20 32000 -9999  -405B  220-9999-9999
10 30000  9330B -443B  180  270  262
20 25300 -9999  -541B  100-9999-9999
10 25000 10520B -547B  100  270  314
20 22600 -9999  -595B  110-9999-9999
20 21600 -9999  -595B  120-9999-9999
20 20700 -9999  -615B  130-9999-9999
10 20000 11920B -607B  140  250  375
20 19800 -9999  -607B  140-9999-9999
22 18400 -9999  -643B  130  245  427
20 17900 -9999  -637B  130-9999-9999
20 17700 -9999  -619B  140-9999-9999
30 17100 -9999 -9999 -9999  255  494
20 16900 -9999  -607B  150-9999-9999
20 16100 -9999  -621B  150-9999-9999
20 15500 -9999  -609B  160-9999-9999
10 15000 13700B -615B  160  260  391
20 14600 -9999  -619B  160-9999-9999
20 13800 -9999  -613B  170-9999-9999
20 13200 -9999  -617B  170-9999-9999
20 12800 -9999  -633B  170-9999-9999
20 12200 -9999  -617B  180-9999-9999
20 12100 -9999  -597B  190-9999-9999
20 11100 -9999  -619B  190-9999-9999
20 10700 -9999  -615B  200-9999-9999
10 10000 16210B -639B  190  270  386
22  8960 -9999  -671B  180  260  283
20  8270 -9999  -659B  190-9999-9999
20  7700 -9999  -675B  180-9999-9999
20  7280 -9999  -643B  200-9999-9999
10  7000 18370B -651B  200  290  314
20  6919 -9999  -651B  200-9999-9999
20  6640 -9999  -611B  220-9999-9999
20  5660 -9999  -675B  190-9999-9999
20  5190 -9999  -649B  210-9999-9999
10  5000 20430B -607B  240  260  190
20  4950 -9999  -601B  240-9999-9999
20  4600 -9999  -627B  220-9999-9999
20  4370 -9999  -607B  240-9999-9999
20  4070 -9999  -625B  230-9999-9999
20  3530 -9999  -607B  250-9999-9999
20  3220 -9999  -617B  240-9999-9999
10  3000 23590B -599B  260  270  205
20  2890 -9999  -583B  270-9999-9999
20  2620 -9999  -587B  270-9999-9999
20  2470 -9999  -559B  290-9999-9999
20  2230 -9999  -575B  290-9999-9999
10  2000 26160B -537B  320  260  293
20  1990 -9999  -535B  320-9999-9999
20  1590 -9999  -605B  280-9999-9999
20  1480 -9999  -589B  300-9999-9999
20  1430 -9999  -535B  330-9999-9999
20  1390 -9999  -509B  340-9999-9999
20  1290 -9999  -513B  330-9999-9999
20  1160 -9999  -457B  350-9999-9999
20  1040 -9999  -481B  340-9999-9999
10  1000 30630B -477B  350-9999-9999
20   970 -9999  -479B  340-9999-9999
20   830 -9999  -409A  370-9999-9999
20   750 -9999  -453A  350-9999-9999
20   720 -9999  -425A  360-9999-9999
30 -9999   609 -9999 -9999  175  123
30 -9999   914 -9999 -9999  185  133
30 -9999  1219 -9999 -9999  200  175
30 -9999  1524 -9999 -9999  220  154
30 -9999  1828 -9999 -9999  220  128
30 -9999  2133 -9999 -9999  245  138
30 -9999  2438 -9999 -9999  250  154
30 -9999  2743 -9999 -9999  265  175
30 -9999  3352 -9999 -9999  280  138
30 -9999  3657 -9999 -9999  260  138
30 -9999  4267 -9999 -9999  265  159
30 -9999  4876 -9999 -9999  265  175
30 -9999  5486 -9999 -9999  275  185
30 -9999  5791 -9999 -9999  260  200
30 -9999  6096 -9999 -9999  270  195
30 -9999  6705 -9999 -9999  275  226
30 -9999  7620 -9999 -9999  265  247
30 -9999  9144 -9999 -9999  265  257
30 -9999 10363 -9999 -9999  275  324
30 -9999 11277 -9999 -9999  255  324
30 -9999 12801 -9999 -9999  255  494
30 -9999 13716 -9999 -9999  260  391
30 -9999 14935 -9999 -9999  260  458
30 -9999 15240 -9999 -9999  265  442
30 -9999 16764 -9999 -9999  260  283
30 -9999 17983 -9999 -9999  260  298
30 -9999 18288 -9999 -9999  290  329
30 -9999 18592 -9999 -9999  290  205
30 -9999 19507 -9999 -9999  270  164
30 -9999 19812 -9999 -9999  265  211
30 -9999 20116 -9999 -9999  285  185
30 -9999 20421 -9999 -9999  255  195
30 -9999 21031 -9999 -9999  280  180
30 -9999 21336 -9999 -9999  275  164
30 -9999 21640 -9999 -9999  260  190
30 -9999 23164 -9999 -9999  285  241
30 -9999 23469 -9999 -9999  275  190
30 -9999 24384 -9999 -9999  250  221
30 -9999 26517 -9999 -9999  265  329
30 -9999 28956 -9999 -9999  255  427
30 -9999 29565 -9999 -9999  245  483
30 -9999 31699 -9999 -9999  245  684
30 -9999 32308 -9999 -9999  240  694
