#7235720140101121102 111
21 97400B  358     8B   29  160   41
20 96600 -9999    14B   45-9999-9999
20 94800 -9999    36B   70-9999-9999
20 93200 -9999    80B   90-9999-9999
10 92500   768B   86B  109  220  164
20 91600 -9999    90B  110-9999-9999
20 90800 -9999   112B  140-9999-9999
20 90100 -9999   114B  160-9999-9999
10 85000  1470B   86B  170  225  128
20 83100 -9999    76B  170-9999-9999
20 80300 -9999    52B  160-9999-9999
20 73900 -9999    18B  160-9999-9999
10 70000  3048B   18B  260  240  226
20 69700 -9999    18B  280-9999-9999
20 68200 -9999     8B  310-9999-9999
20 65000 -9999   -23B  280-9999-9999
20 63700 -9999   -27B  250-9999-9999
20 61000 -9999   -59B  150-9999-9999
20 59200 -9999   -79B  190-9999-9999
20 58400 -9999   -87B  130-9999-9999
20 57900 -9999   -95B  130-9999-9999
20 56900 -9999  -107B   70-9999-9999
20 52100 -9999  -151B   50-9999-9999
20 50200 -9999  -161B   80-9999-9999
10 50000  5660B -165B   80  265  262
20 45700 -9999  -211B   90-9999-9999
20 44100 -9999  -221B  110-9999-9999
10 40000  7310B -277B  110  260  262
20 36700 -9999  -325B  110-9999-9999
20 35900 -9999  -339B  100-9999-9999
20 34400 -9999  -351B  160-9999-9999
20 33300 -9999  -365B  180-9999-9999
10 30000  9310B -431B  150  255  334
20 29200 -9999  -445B  150-9999-9999
20 25800 -9999  -501B  160-9999-9999
10 25000 10520B -519B  170  245  355
20 21000 -9999  -615B  130-9999-9999
20 20500 -9999  -611B  130-9999-9999
10 20000 11920B -621B  130  250  437
20 19600 -9999  -617B  140-9999-9999
20 18700 -9999  -629B  140-9999-9999
20 18300 -9999  -627B  130-9999-9999
22 17800 -9999  -639B  120  250  458
20 17700 -9999  -621B  130-9999-9999
20 16800 -9999  -595B  160-9999-9999
20 15800 -9999  -611B  190-9999-9999
20 15200 -9999  -599B  210-9999-9999
10 15000 13710B -601B  210  250  473
20 14500 -9999  -615B  210-9999-9999
30 13800 -9999 -9999 -9999  255  489
20 13500 -9999  -627B  210-9999-9999
20 12700 -9999  -605B  230-9999-9999
20 11800 -9999  -631B  220-9999-9999
20 11100 -9999  -639B  220-9999-9999
20 10500 -9999  -635B  220-9999-9999
10 10000 16210B -641B  220  260  370
22  9070 -9999  -669B  210  265  334
20  8240 -9999  -671B  210-9999-9999
20  8000 -9999  -665B  210-9999-9999
20  7790 -9999  -637B  230-9999-9999
20  7180 -9999  -621B  240-9999-9999
10  7000 18380B -633B  230  265  241
20  6100 -9999  -681B  210-9999-9999
20  5850 -9999  -671B  220-9999-9999
20  5720 -9999  -611B  260-9999-9999
20  5040 -9999  -639B  250-9999-9999
10  5000 20430B -629B  250  295  154
20  4830 -9999  -603B  270-9999-9999
20  4330 -9999  -629B  260-9999-9999
20  4110 -9999  -609B  280-9999-9999
20  3709 -9999  -643B  260-9999-9999
20  3450 -9999  -627B  280-9999-9999
20  3300 -9999  -595B  300-9999-9999
20  3220 -9999  -595B  300-9999-9999
10  3000 23600B -609B  290  265  241
20  2790 -9999  -631B  280-9999-9999
20  2500 -9999  -603B  300-9999-9999
20  2210 -9999  -627B  290-9999-9999
20  2160 -9999  -593B  310-9999-9999
20  2060 -9999  -575B  320-9999-9999
10  2000 26110B -581B  320-9999-9999
20  1910 -9999  -585B  310-9999-9999
20  1800 -9999  -555B  320-9999-9999
30 -9999   609 -9999 -9999  210  175
30 -9999   914 -9999 -9999  225  159
30 -9999  1219 -9999 -9999  220  154
30 -9999  1828 -9999 -9999  230   97
30 -9999  2133 -9999 -9999  215  118
30 -9999  2438 -9999 -9999  220  144
30 -9999  2743 -9999 -9999  230  190
30 -9999  3352 -9999 -9999  240  247
30 -9999  3657 -9999 -9999  245  241
30 -9999  4267 -9999 -9999  255  216
30 -9999  4876 -9999 -9999  260  226
30 -9999  5791 -9999 -9999  265  262
30 -9999  6096 -9999 -9999  265  257
30 -9999  6705 -9999 -9999  250  262
30 -9999  7620 -9999 -9999  255  267
30 -9999  7924 -9999 -9999  255  267
30 -9999  9144 -9999 -9999  255  324
30 -9999 14325 -9999 -9999  255  489
30 -9999 15240 -9999 -9999  265  411
30 -9999 18288 -9999 -9999  265  241
30 -9999 20726 -9999 -9999  285  149
30 -9999 21336 -9999 -9999  260  164
30 -9999 21945 -9999 -9999  280  211
30 -9999 22250 -9999 -9999  295  236
30 -9999 22555 -9999 -9999  310  200
30 -9999 22860 -9999 -9999  290  159
30 -9999 24384 -9999 -9999  260  277
30 -9999 26517 -9999 -9999  260  391
