#7236320140101002304  70
21 89100B 1094   146B  230  230   72
20 88800 -9999   142B  240-9999-9999
10 85000  1492B  112B  230  230  138
20 78600 -9999    52B  180-9999-9999
20 73100 -9999    34B  250-9999-9999
10 70000  3077B   10B  260  270  123
20 68900 -9999     2B  260-9999-9999
20 66200 -9999   -11B  220-9999-9999
20 60700 -9999   -67B  100-9999-9999
20 52300 -9999  -143B  100-9999-9999
10 50000  5690B -151B  140  285  211
20 47900 -9999  -161B  180-9999-9999
20 45300 -9999  -191B  190-9999-9999
10 40000  7350B -271B  160  285  231
20 38800 -9999  -291B  150-9999-9999
20 32000 -9999  -407B  180-9999-9999
10 30000  9340B -447B  140  285  262
20 29000 -9999  -471B  120-9999-9999
20 27500 -9999  -497B  100-9999-9999
20 26100 -9999  -523B  130-9999-9999
10 25000 10540B -547B  120  285  283
20 21500 -9999  -627B  100-9999-9999
20 21000 -9999  -619B  120-9999-9999
10 20000 11930B -637B  110  265  293
22 18700 -9999  -661B  100  260  370
30 18200 -9999 -9999 -9999  265  401
20 17700 -9999  -653B  120-9999-9999
20 17300 -9999  -621B  140-9999-9999
20 16700 -9999  -633B  170-9999-9999
20 16400 -9999  -623B  190-9999-9999
20 16100 -9999  -629B  220-9999-9999
20 15900 -9999  -615B  240-9999-9999
20 15500 -9999  -615B  300-9999-9999
10 15000 13690B -611B-9999  265  350
20 13200 -9999  -611B-9999-9999-9999
20 12600 -9999  -597B-9999-9999-9999
20 11600 -9999  -623B-9999-9999-9999
20 11200 -9999  -641B-9999-9999-9999
22 10600 -9999  -653B-9999  260  339
10 10000 16200B -655B-9999  270  344
20  8460 -9999  -643B-9999-9999-9999
20  7110 -9999  -669B-9999-9999-9999
10  7000 18360B -669B-9999-9999-9999
20  5990 -9999  -649B-9999-9999-9999
20  5340 -9999  -687B-9999-9999-9999
20  5230 -9999  -661B-9999-9999-9999
10  5000 20400B -673B-9999-9999-9999
20  4990 -9999  -673B-9999-9999-9999
20  4970 -9999  -639B-9999-9999-9999
20  4900 -9999  -619B-9999-9999-9999
30 -9999  1828 -9999 -9999  230  144
30 -9999  2133 -9999 -9999  240  123
30 -9999  2438 -9999 -9999  250   72
30 -9999  2743 -9999 -9999  290   87
30 -9999  3048 -9999 -9999  270  118
30 -9999  3657 -9999 -9999  280  128
30 -9999  4267 -9999 -9999  285  159
30 -9999  4876 -9999 -9999  295  169
30 -9999  5791 -9999 -9999  290  226
30 -9999  6096 -9999 -9999  295  226
30 -9999  7620 -9999 -9999  290  241
30 -9999  9144 -9999 -9999  280  262
30 -9999 11582 -9999 -9999  280  267
30 -9999 12496 -9999 -9999  265  401
30 -9999 13411 -9999 -9999  270  365
30 -9999 14935 -9999 -9999  250  375
30 -9999 15240 -9999 -9999  255  391
30 -9999 16154 -9999 -9999  265  344
30 -9999 19812 -9999 -9999  280  144
30 -9999 20116 -9999 -9999  290  102
