#7236320140101121100 125
21 88700B 1094    16B   70  300   51
20 87500 -9999    48B  110-9999-9999
20 86300 -9999    78B  150-9999-9999
20 85600 -9999   108B  190-9999-9999
10 85000  1444B  118B  200  325   82
20 84900 -9999   118B  210-9999-9999
20 81400 -9999   116B  220-9999-9999
20 71500 -9999    32B  180-9999-9999
10 70000  3043B   16B  170  290   92
20 66000 -9999   -27B  130-9999-9999
20 64800 -9999   -27B  150-9999-9999
20 63400 -9999   -37B  180-9999-9999
20 61900 -9999   -45B  120-9999-9999
20 52800 -9999  -139B   60-9999-9999
20 50900 -9999  -155B   70-9999-9999
10 50000  5660B -167B   60  265  252
20 49200 -9999  -179B   49-9999-9999
20 48300 -9999  -183B   70-9999-9999
20 45800 -9999  -211B   50-9999-9999
20 43100 -9999  -247B   70-9999-9999
20 41700 -9999  -269B   50-9999-9999
10 40000  7300B -289B   80  265  267
20 39100 -9999  -299B  110-9999-9999
20 38000 -9999  -309B  120-9999-9999
20 34200 -9999  -371B   90-9999-9999
20 31600 -9999  -407B  130-9999-9999
10 30000  9300B -435B  150  255  344
20 25800 -9999  -517B  140-9999-9999
20 25100 -9999  -527B  120-9999-9999
10 25000 10500B -529B  120  250  375
20 23200 -9999  -561B  180-9999-9999
10 20000 11910B -623B  160  250  416
30 19800 -9999 -9999 -9999  250  416
20 19700 -9999  -629B  160-9999-9999
22 19300 -9999  -633B  160  255  416
20 19100 -9999  -615B  160-9999-9999
20 18000 -9999  -631B  140-9999-9999
20 17700 -9999  -617B  150-9999-9999
20 17200 -9999  -615B  160-9999-9999
20 17000 -9999  -591B  180-9999-9999
20 16600 -9999  -585B  200-9999-9999
20 15600 -9999  -587B  250-9999-9999
10 15000 13690B -599B  280  255  360
20 14600 -9999  -595B  280-9999-9999
20 14100 -9999  -611B  280-9999-9999
20 13900 -9999  -609B  280-9999-9999
20 13500 -9999  -619B  270-9999-9999
20 13300 -9999  -611B  280-9999-9999
20 12600 -9999  -617B  270-9999-9999
20 12000 -9999  -635B  260-9999-9999
20 11300 -9999  -643B  260-9999-9999
20 11100 -9999  -637B  250-9999-9999
20 10700 -9999  -643B  250-9999-9999
10 10000 16200B -619B  260  270  334
20  9360 -9999  -601B  280-9999-9999
20  7869 -9999  -671B  260-9999-9999
10  7000 18380B -649B  270  270  185
20  6890 -9999  -641B  270-9999-9999
20  6500 -9999  -659B  260-9999-9999
20  6419 -9999  -645B  270-9999-9999
20  6140 -9999  -643B  280-9999-9999
20  5950 -9999  -661B  270-9999-9999
20  5520 -9999  -671B  260-9999-9999
20  5440 -9999  -665B  270-9999-9999
20  5340 -9999  -633B  290-9999-9999
20  5040 -9999  -647B  280-9999-9999
10  5000 20430B -641B  280-9999-9999
20  4930 -9999  -617B  300-9999-9999
20  4460 -9999  -599B  310-9999-9999
20  4020 -9999  -621B  300-9999-9999
20  3820 -9999  -613B  310-9999-9999
20  3330 -9999  -657B  290-9999-9999
20  3250 -9999  -649B  300-9999-9999
20  3190 -9999  -623B  300-9999-9999
20  3080 -9999  -627B  300-9999-9999
10  3000 23590B -615B  310-9999-9999
20  2960 -9999  -607B  310-9999-9999
20  2660 -9999  -639B  300-9999-9999
20  2270 -9999  -591B  310-9999-9999
20  2050 -9999  -613B  310-9999-9999
10  2000 26100B -603B  310  260  283
20  1879 -9999  -583B  310-9999-9999
20  1580 -9999  -601B  310-9999-9999
20  1480 -9999  -581B  320-9999-9999
20  1360 -9999  -527B  330-9999-9999
20  1260 -9999  -523B  330-9999-9999
20  1200 -9999  -473B  350-9999-9999
20  1140 -9999  -447B  350-9999-9999
20  1060 -9999  -463B  350-9999-9999
30 -9999  1524 -9999 -9999  325   82
30 -9999  1828 -9999 -9999  295   87
30 -9999  2133 -9999 -9999  295   87
30 -9999  2438 -9999 -9999  300   87
30 -9999  2743 -9999 -9999  295   82
30 -9999  3048 -9999 -9999  290   97
30 -9999  3657 -9999 -9999  305  128
30 -9999  4267 -9999 -9999  290  195
30 -9999  4572 -9999 -9999  275  211
30 -9999  4876 -9999 -9999  275  226
30 -9999  5181 -9999 -9999  275  241
30 -9999  6096 -9999 -9999  270  226
30 -9999  7620 -9999 -9999  265  288
30 -9999  9144 -9999 -9999  255  334
30 -9999 11887 -9999 -9999  250  416
30 -9999 12496 -9999 -9999  260  329
30 -9999 13411 -9999 -9999  245  344
30 -9999 15240 -9999 -9999  260  391
30 -9999 16764 -9999 -9999  265  190
30 -9999 17373 -9999 -9999  255  241
30 -9999 17983 -9999 -9999  275  195
30 -9999 18288 -9999 -9999  270  190
30 -9999 18897 -9999 -9999  265  154
30 -9999 19507 -9999 -9999  295  149
30 -9999 19812 -9999 -9999  265  144
30 -9999 21945 -9999 -9999  285  159
30 -9999 22250 -9999 -9999  285  164
30 -9999 22555 -9999 -9999  305  144
30 -9999 22860 -9999 -9999  295  133
30 -9999 23164 -9999 -9999  280  169
30 -9999 23469 -9999 -9999  295  175
30 -9999 24384 -9999 -9999  270  267
30 -9999 25298 -9999 -9999  270  308
30 -9999 26212 -9999 -9999  255  288
30 -9999 27432 -9999 -9999  255  437
30 -9999 30175 -9999 -9999  250  736
