#7245120140405121102 115
21 92500B  791    12B   60  155   30
20 91000 -9999    60B  120-9999-9999
20 89700 -9999    74B  140-9999-9999
20 86000 -9999    68B  130-9999-9999
10 85000  1482B   66B  140  195  180
20 79300 -9999    48B  170-9999-9999
20 72500 -9999     2B  140-9999-9999
10 70000  3054B  -21B  130  250  118
20 60000 -9999  -123B   60-9999-9999
20 58000 -9999  -143B   60-9999-9999
20 55600 -9999  -167B  100-9999-9999
20 54200 -9999  -183B   70-9999-9999
20 53300 -9999  -191B   34-9999-9999
20 52300 -9999  -203B   17-9999-9999
10 50000  5620B -219B   29  280  195
20 49300 -9999  -227B   15-9999-9999
20 47600 -9999  -241B   25-9999-9999
20 45600 -9999  -267B   16-9999-9999
20 43400 -9999  -295B   22-9999-9999
20 40800 -9999  -319B   60-9999-9999
10 40000  7230B -329B   70  255  267
20 39300 -9999  -339B   80-9999-9999
20 36400 -9999  -385B   31-9999-9999
20 34400 -9999  -417B   50-9999-9999
20 30500 -9999  -487B   48-9999-9999
10 30000  9180B -493B   60  250  391
20 28700 -9999  -509B  100-9999-9999
20 27800 -9999  -511B  200-9999-9999
10 25000 10360B -551B  130  255  463
22 22800 -9999  -589B  110  250  478
20 21900 -9999  -591B  130-9999-9999
30 21200 -9999 -9999 -9999  255  530
20 20800 -9999  -583B  140-9999-9999
20 20600 -9999  -575B  150-9999-9999
10 20000 11770B -585B  180  260  499
20 19200 -9999  -591B  220-9999-9999
20 18200 -9999  -577B  290-9999-9999
20 17900 -9999  -561B  320-9999-9999
20 17100 -9999  -583B  310-9999-9999
20 16600 -9999  -577B  320-9999-9999
20 16200 -9999  -585B  310-9999-9999
20 15600 -9999  -559B  320-9999-9999
20 15100 -9999  -559B  320-9999-9999
10 15000 13580B -561B  320  255  365
20 14500 -9999  -567B  320-9999-9999
20 13900 -9999  -561B  320-9999-9999
22 11300 -9999  -605B  310  265  293
20 11100 -9999  -595B  310-9999-9999
20 10800 -9999  -605B  310-9999-9999
20 10400 -9999  -601B  310-9999-9999
10 10000 16130B -611B  310  250  231
20  9310 -9999  -593B  310-9999-9999
20  8720 -9999  -621B  300-9999-9999
20  7690 -9999  -639B  300-9999-9999
10  7000 18330B -621B  300  240  221
20  6969 -9999  -623B  300-9999-9999
20  6710 -9999  -591B  310-9999-9999
20  6280 -9999  -589B  310-9999-9999
20  6150 -9999  -559B  320-9999-9999
20  5610 -9999  -587B  310-9999-9999
20  5250 -9999  -569B  320-9999-9999
10  5000 20450B -591B  310  240   61
20  4960 -9999  -593B  310-9999-9999
20  4340 -9999  -601B  310-9999-9999
20  4150 -9999  -571B  320-9999-9999
20  3970 -9999  -583B  310-9999-9999
20  3859 -9999  -561B  320-9999-9999
20  3570 -9999  -575B  320-9999-9999
20  3500 -9999  -555B  320-9999-9999
20  3370 -9999  -549B  320-9999-9999
20  3220 -9999  -571B  320-9999-9999
10  3000 23680B -573B  320  305   15
20  2860 -9999  -567B  320-9999-9999
20  2730 -9999  -581B  310-9999-9999
20  2580 -9999  -583B  310-9999-9999
20  2260 -9999  -549B  320-9999-9999
10  2000 26250B -563B  320  350   61
20  1960 -9999  -567B  320-9999-9999
20  1450 -9999  -537B  330-9999-9999
20  1220 -9999  -493B  340-9999-9999
20  1050 -9999  -515B  330-9999-9999
10  1000 30720B -495B  340  245  108
20   989 -9999  -485B  340-9999-9999
20   880 -9999  -469A  350-9999-9999
30 -9999  1219 -9999 -9999  185  195
30 -9999  1828 -9999 -9999  220  169
30 -9999  2133 -9999 -9999  235  159
30 -9999  2438 -9999 -9999  240  133
30 -9999  2743 -9999 -9999  250  118
30 -9999  3657 -9999 -9999  260   66
30 -9999  3962 -9999 -9999  265   61
30 -9999  4267 -9999 -9999  280   92
30 -9999  4876 -9999 -9999  285  123
30 -9999  6096 -9999 -9999  265  205
30 -9999  7620 -9999 -9999  250  262
30 -9999  9144 -9999 -9999  250  386
30 -9999 11277 -9999 -9999  255  530
30 -9999 15240 -9999 -9999  265  308
30 -9999 15544 -9999 -9999  265  272
30 -9999 17983 -9999 -9999  255  180
30 -9999 18288 -9999 -9999  240  226
30 -9999 18592 -9999 -9999  250  241
30 -9999 19202 -9999 -9999  260  154
30 -9999 19812 -9999 -9999  240  211
30 -9999 20116 -9999 -9999  260  113
30 -9999 20726 -9999 -9999  220   66
30 -9999 21031 -9999 -9999  260   72
30 -9999 21336 -9999 -9999  235   72
30 -9999 21640 -9999 -9999  250  118
30 -9999 21945 -9999 -9999  260  128
30 -9999 23164 -9999 -9999  310   15
30 -9999 24384 -9999 -9999  330   46
30 -9999 27432 -9999 -9999  350   72
30 -9999 30480 -9999 -9999  235  108
30 -9999 31394 -9999 -9999  285   92
