#7245120140406002304 124
21 92100B  791   174B  240  180   87
20 91600 -9999   166B  240-9999-9999
20 85300 -9999   106B  190-9999-9999
10 85000  1464B  104B  190  185  133
20 70800 -9999   -39B   90-9999-9999
10 70000  3034B  -49B   80  180  108
20 67100 -9999   -81B   46-9999-9999
20 64700 -9999   -83B   43-9999-9999
20 63600 -9999   -75B   39-9999-9999
20 60000 -9999  -109B   18-9999-9999
20 57600 -9999  -127B   37-9999-9999
20 56100 -9999  -143B   15-9999-9999
20 52500 -9999  -175B   18-9999-9999
20 50900 -9999  -191B   38-9999-9999
10 50000  5610B -201B   27  240  149
20 49900 -9999  -203B   26-9999-9999
20 48400 -9999  -213B   37-9999-9999
20 44700 -9999  -263B   50-9999-9999
10 40000  7220B -327B   35  230  205
20 39900 -9999  -327B   35-9999-9999
20 32400 -9999  -455B   70-9999-9999
10 30000  9180B -503B   60  240  324
20 26600 -9999  -569B   44-9999-9999
20 26100 -9999  -565B   60-9999-9999
20 25100 -9999  -577B  140-9999-9999
10 25000 10340B -577B  150  235  350
22 23500 -9999  -589B  160  235  329
30 22400 -9999 -9999 -9999  235  380
20 21600 -9999  -569B  210-9999-9999
10 20000 11750B -583B  300  250  365
20 19600 -9999  -563B  310-9999-9999
20 18800 -9999  -555B  320-9999-9999
20 16900 -9999  -567B  320-9999-9999
20 16300 -9999  -561B  320-9999-9999
20 15600 -9999  -571B  320-9999-9999
10 15000 13570B -567B  320  250  298
20 14900 -9999  -565B  320-9999-9999
20 13100 -9999  -587B  310-9999-9999
20 12600 -9999  -577B  320-9999-9999
20 11800 -9999  -581B  310-9999-9999
20 11400 -9999  -575B  320-9999-9999
20 10900 -9999  -585B  310-9999-9999
10 10000 16130B -577B  320  250  257
20  9190 -9999  -599B  310-9999-9999
20  8510 -9999  -591B  310-9999-9999
20  8000 -9999  -615B  310-9999-9999
20  7210 -9999  -597B  310-9999-9999
10  7000 18360B -609B  310  265  267
20  6840 -9999  -617B  300-9999-9999
20  6730 -9999  -593B  310-9999-9999
20  6230 -9999  -569B  320-9999-9999
20  5370 -9999  -591B  310-9999-9999
20  5280 -9999  -569B  320-9999-9999
20  5120 -9999  -561B  320-9999-9999
10  5000 20470B -569B  320  275  113
20  4910 -9999  -581B  320-9999-9999
20  4790 -9999  -571B  320-9999-9999
20  4510 -9999  -589B  310-9999-9999
20  4260 -9999  -559B  320-9999-9999
20  4120 -9999  -559B  320-9999-9999
20  4050 -9999  -531B  330-9999-9999
20  3920 -9999  -517B  330-9999-9999
20  3559 -9999  -561B  320-9999-9999
10  3000 23720B -561B  320  315   66
20  2800 -9999  -573B  320-9999-9999
20  2700 -9999  -553B  320-9999-9999
20  2340 -9999  -557B  320-9999-9999
20  2160 -9999  -533B  330-9999-9999
10  2000 26310B -543B  330  325   41
20  1929 -9999  -543B  330-9999-9999
20  1679 -9999  -525B  330-9999-9999
20  1610 -9999  -499B  340-9999-9999
20  1380 -9999  -517B  330-9999-9999
20  1180 -9999  -479B  350-9999-9999
10  1000 30820B -479B  350  235   97
20   960 -9999  -481B  340-9999-9999
20   920 -9999  -467B  350-9999-9999
20   889 -9999  -433A  360-9999-9999
20   870 -9999  -423A  360-9999-9999
20   760 -9999  -403A  370-9999-9999
20   710 -9999  -365A  380-9999-9999
10   700 33230B -365A  380  260  226
20   680 -9999  -365A  380-9999-9999
30 -9999  1219 -9999 -9999  190  128
30 -9999  1828 -9999 -9999  175  113
30 -9999  2133 -9999 -9999  180  108
30 -9999  2438 -9999 -9999  175  113
30 -9999  2743 -9999 -9999  175  108
30 -9999  3657 -9999 -9999  190  108
30 -9999  4267 -9999 -9999  205   97
30 -9999  4572 -9999 -9999  210   82
30 -9999  4876 -9999 -9999  230  108
30 -9999  5486 -9999 -9999  245  138
30 -9999  6096 -9999 -9999  240  190
30 -9999  7620 -9999 -9999  225  226
30 -9999  8229 -9999 -9999  230  303
30 -9999  9144 -9999 -9999  240  324
30 -9999 10972 -9999 -9999  235  380
30 -9999 11582 -9999 -9999  250  365
30 -9999 15240 -9999 -9999  250  277
30 -9999 18288 -9999 -9999  265  267
30 -9999 18897 -9999 -9999  265  190
30 -9999 19202 -9999 -9999  245  159
30 -9999 19812 -9999 -9999  275  108
30 -9999 20116 -9999 -9999  270  175
30 -9999 20421 -9999 -9999  275  113
30 -9999 20726 -9999 -9999  250   92
30 -9999 21031 -9999 -9999  230  123
30 -9999 21336 -9999 -9999  260  138
30 -9999 21640 -9999 -9999  285  138
30 -9999 21945 -9999 -9999  280   51
30 -9999 22555 -9999 -9999  300    5
30 -9999 23469 -9999 -9999  300   82
30 -9999 24079 -9999 -9999  240    5
30 -9999 24384 -9999 -9999  335   30
30 -9999 26517 -9999 -9999  305   36
30 -9999 27432 -9999 -9999  280   72
30 -9999 28041 -9999 -9999  295  133
30 -9999 28346 -9999 -9999  320  102
30 -9999 28651 -9999 -9999  285  102
30 -9999 29565 -9999 -9999  305   66
30 -9999 29870 -9999 -9999  275   25
30 -9999 30480 -9999 -9999  245   87
30 -9999 33223 -9999 -9999  265  226
