#7245120140101121111 142
21 92000B  791   -33B   11   10   41
20 91600 -9999     0B   23-9999-9999
20 91000 -9999    24B   43-9999-9999
20 90500 -9999    74B   70-9999-9999
20 90200 -9999    90B   80-9999-9999
20 89800 -9999   100B  100-9999-9999
20 88800 -9999   108B  170-9999-9999
20 88100 -9999   116B  190-9999-9999
10 85000  1441B   92B  190  135   36
20 83700 -9999    80B  180-9999-9999
20 82100 -9999    80B  210-9999-9999
20 76400 -9999    50B  230-9999-9999
10 70000  3022B  -13B  150  265   36
20 65300 -9999   -63B  110-9999-9999
20 63900 -9999   -77B   90-9999-9999
20 62900 -9999   -89B   60-9999-9999
20 60000 -9999  -111B   80-9999-9999
20 56200 -9999  -155B   60-9999-9999
20 54600 -9999  -165B   80-9999-9999
20 51700 -9999  -197B   80-9999-9999
20 51300 -9999  -197B   80-9999-9999
20 50800 -9999  -191B   43-9999-9999
10 50000  5600B -193B   30  260  180
20 49800 -9999  -193B   31-9999-9999
20 42500 -9999  -271B   36-9999-9999
10 40000  7220B -307B   40  265  267
20 34200 -9999  -401B   50-9999-9999
20 31000 -9999  -463B   48-9999-9999
10 30000  9190B -475B   90  245  344
20 29700 -9999  -481B  100-9999-9999
20 28800 -9999  -497B  120-9999-9999
20 27700 -9999  -499B  160-9999-9999
20 26300 -9999  -527B  200-9999-9999
10 25000 10380B -545B  190  240  365
20 23900 -9999  -559B  160-9999-9999
30 21900 -9999 -9999 -9999  260  416
22 21800 -9999  -597B  120  260  416
20 21600 -9999  -595B  120-9999-9999
20 21200 -9999  -569B  140-9999-9999
20 20900 -9999  -563B  160-9999-9999
10 20000 11790B -569B  210  255  360
20 19300 -9999  -567B  260-9999-9999
20 18200 -9999  -595B  290-9999-9999
20 18000 -9999  -595B  290-9999-9999
20 17900 -9999  -583B  290-9999-9999
20 17300 -9999  -579B  310-9999-9999
20 16400 -9999  -595B  310-9999-9999
20 15700 -9999  -589B  310-9999-9999
20 15300 -9999  -599B  310-9999-9999
10 15000 13600B -597B  310  260  360
20 14500 -9999  -601B  310-9999-9999
20 13900 -9999  -591B  310-9999-9999
20 13000 -9999  -601B  310-9999-9999
20 12600 -9999  -593B  310-9999-9999
20 11700 -9999  -615B  310-9999-9999
20 11200 -9999  -605B  310-9999-9999
20 11000 -9999  -585B  310-9999-9999
20 10600 -9999  -605B  310-9999-9999
20 10400 -9999  -595B  310-9999-9999
10 10000 16130B -595B  310  265  236
20  9290 -9999  -617B  300-9999-9999
20  8570 -9999  -607B  310-9999-9999
22  7010 -9999  -659B  290  255  180
10  7000 18330B -659B  290  255  180
20  6900 -9999  -657B  290-9999-9999
20  6840 -9999  -631B  300-9999-9999
20  6740 -9999  -617B  300-9999-9999
20  6550 -9999  -613B  310-9999-9999
20  5650 -9999  -655B  290-9999-9999
20  5550 -9999  -633B  300-9999-9999
20  5280 -9999  -629B  300-9999-9999
20  5210 -9999  -615B  310-9999-9999
10  5000 20400B -635B  300  300  216
20  4880 -9999  -647B  300-9999-9999
20  4660 -9999  -641B  300-9999-9999
20  4320 -9999  -659B  290-9999-9999
20  3650 -9999  -619B  300-9999-9999
20  3170 -9999  -647B  300-9999-9999
20  3070 -9999  -627B  300-9999-9999
10  3000 23530B -629B  300  285  308
20  2910 -9999  -625B  300-9999-9999
20  2850 -9999  -601B  310-9999-9999
20  2550 -9999  -649B  300-9999-9999
20  2350 -9999  -657B  290-9999-9999
20  2100 -9999  -623B  300-9999-9999
10  2000 26020B -623B  300  255  391
20  1890 -9999  -615B  310-9999-9999
20  1690 -9999  -635B  300-9999-9999
20  1640 -9999  -613B  310-9999-9999
20  1510 -9999  -613B  310-9999-9999
20  1320 -9999  -571B  320-9999-9999
20  1290 -9999  -543B  330-9999-9999
20  1230 -9999  -539B  330-9999-9999
20  1180 -9999  -501B  340-9999-9999
20  1070 -9999  -469B  350-9999-9999
10  1000 30410B -473B  350  255  792
20   970 -9999  -483B  340-9999-9999
20   930 -9999  -437B  360-9999-9999
30   850 -9999 -9999 -9999  255  911
20   810 -9999  -395A  370-9999-9999
30 -9999  1219 -9999 -9999  140   25
30 -9999  1828 -9999 -9999  185   20
30 -9999  2133 -9999 -9999  245   15
30 -9999  2438 -9999 -9999  250   25
30 -9999  2743 -9999 -9999  270   51
30 -9999  3657 -9999 -9999  190   20
30 -9999  3962 -9999 -9999    0    0
30 -9999  4267 -9999 -9999  255   56
30 -9999  4572 -9999 -9999  235   97
30 -9999  4876 -9999 -9999  235  118
30 -9999  5181 -9999 -9999  235  149
30 -9999  5486 -9999 -9999  260  180
30 -9999  6096 -9999 -9999  260  221
30 -9999  6705 -9999 -9999  265  262
30 -9999  7620 -9999 -9999  260  267
30 -9999  9144 -9999 -9999  245  339
30 -9999 11277 -9999 -9999  260  416
30 -9999 11887 -9999 -9999  250  339
30 -9999 12496 -9999 -9999  250  396
30 -9999 13106 -9999 -9999  260  319
30 -9999 15240 -9999 -9999  280  344
30 -9999 17068 -9999 -9999  275  277
30 -9999 17678 -9999 -9999  280  205
30 -9999 17983 -9999 -9999  265  164
30 -9999 18288 -9999 -9999  250  159
30 -9999 18592 -9999 -9999  270  226
30 -9999 19202 -9999 -9999  300  149
30 -9999 20726 -9999 -9999  285  236
30 -9999 21336 -9999 -9999  290  241
30 -9999 21640 -9999 -9999  285  221
30 -9999 21945 -9999 -9999  305  241
30 -9999 22860 -9999 -9999  280  226
30 -9999 23469 -9999 -9999  285  308
30 -9999 24384 -9999 -9999  270  262
30 -9999 25298 -9999 -9999  265  267
30 -9999 25908 -9999 -9999  255  386
30 -9999 26517 -9999 -9999  265  391
30 -9999 27432 -9999 -9999  255  437
30 -9999 28346 -9999 -9999  260  602
30 -9999 30480 -9999 -9999  255  803
30 -9999 31394 -9999 -9999  255  911
30 -9999 31699 -9999 -9999  255  880
