#7245620140101121101 139
21 98500B  268   -75B   14   20   41
20 96800 -9999   -79B   13-9999-9999
20 96000 -9999   -59B   14-9999-9999
20 95400 -9999    -3B   27-9999-9999
20 95100 -9999    10B   47-9999-9999
20 94100 -9999    14B   50-9999-9999
10 92500   770B   12B   50  235   97
20 90800 -9999     8B   50-9999-9999
20 90000 -9999    24B   60-9999-9999
20 88200 -9999    42B   70-9999-9999
20 86100 -9999    54B  120-9999-9999
10 85000  1455B   48B  120  235   77
20 82600 -9999    40B  110-9999-9999
20 79100 -9999     8B   90-9999-9999
20 76900 -9999     6B  100-9999-9999
20 72300 -9999   -21B   90-9999-9999
10 70000  3013B  -41B   80  265  138
20 69900 -9999   -43B   80-9999-9999
20 66900 -9999   -61B  100-9999-9999
20 62900 -9999  -101B   90-9999-9999
20 57100 -9999  -159B   35-9999-9999
20 56000 -9999  -163B   50-9999-9999
20 53700 -9999  -191B   37-9999-9999
20 52800 -9999  -195B   60-9999-9999
20 52200 -9999  -199B   60-9999-9999
20 51100 -9999  -193B  140-9999-9999
10 50000  5580B -205B  160  255  247
20 48400 -9999  -221B  170-9999-9999
20 47200 -9999  -221B  300-9999-9999
20 43500 -9999  -275B  220-9999-9999
20 40600 -9999  -307B  210-9999-9999
10 40000  7190B -315B  210  250  314
20 37400 -9999  -355B  190-9999-9999
20 36300 -9999  -373B  130-9999-9999
20 35800 -9999  -383B  150-9999-9999
20 35400 -9999  -389B  110-9999-9999
20 35200 -9999  -391B   80-9999-9999
20 34800 -9999  -395B  100-9999-9999
20 34500 -9999  -397B   60-9999-9999
20 34200 -9999  -397B   50-9999-9999
10 30000  9160B -475B   50  255  380
20 29200 -9999  -491B   60-9999-9999
20 28100 -9999  -515B   40-9999-9999
20 26800 -9999  -541B   50-9999-9999
10 25000 10340B -575B   47  250  458
20 24100 -9999  -593B   39-9999-9999
20 23400 -9999  -585B   80-9999-9999
20 22700 -9999  -593B  110-9999-9999
22 21300 -9999  -611B   90  255  453
20 20800 -9999  -601B  100-9999-9999
10 20000 11730B -611B  110  260  483
30 19800 -9999 -9999 -9999  260  489
20 19700 -9999  -613B  120-9999-9999
20 19200 -9999  -599B  150-9999-9999
20 19000 -9999  -583B  170-9999-9999
20 18100 -9999  -591B  230-9999-9999
20 17800 -9999  -581B  250-9999-9999
20 17000 -9999  -599B  270-9999-9999
20 16400 -9999  -583B  280-9999-9999
20 15300 -9999  -603B  280-9999-9999
10 15000 13530B -595B  280  255  458
20 14600 -9999  -589B  290-9999-9999
20 14500 -9999  -579B  290-9999-9999
20 13500 -9999  -589B  300-9999-9999
20 13300 -9999  -581B  300-9999-9999
20 11800 -9999  -615B  290-9999-9999
20 11300 -9999  -617B  290-9999-9999
20 10900 -9999  -629B  280-9999-9999
20 10700 -9999  -629B  280-9999-9999
20 10600 -9999  -615B  280-9999-9999
20 10400 -9999  -609B  280-9999-9999
10 10000 16060B -613B  280  280  355
20  9740 -9999  -595B  290-9999-9999
20  8350 -9999  -623B  290-9999-9999
20  7860 -9999  -617B  290-9999-9999
20  7380 -9999  -637B  280-9999-9999
20  7200 -9999  -635B  290-9999-9999
10  7000 18270B -607B  300  285  272
20  6960 -9999  -605B  300-9999-9999
20  6130 -9999  -643B  280-9999-9999
20  5420 -9999  -639B  290-9999-9999
10  5000 20330B -657B  280  285  283
20  4870 -9999  -659B  270-9999-9999
20  4480 -9999  -657B  280-9999-9999
20  4200 -9999  -631B  300-9999-9999
20  3970 -9999  -645B  290-9999-9999
20  3409 -9999  -635B  300-9999-9999
20  3250 -9999  -651B  290-9999-9999
20  3190 -9999  -637B  300-9999-9999
10  3000 23450B -633B  300  275  339
20  2590 -9999  -635B  300-9999-9999
20  2410 -9999  -663B  290-9999-9999
20  2240 -9999  -647B  300-9999-9999
20  2020 -9999  -599B  310-9999-9999
10  2000 25940B -603B  310  250  483
20  1850 -9999  -613B  310-9999-9999
20  1760 -9999  -637B  300-9999-9999
20  1570 -9999  -649B  300-9999-9999
20  1470 -9999  -585B  310-9999-9999
20  1320 -9999  -519B  330-9999-9999
20  1240 -9999  -521B  330-9999-9999
30  1140 -9999 -9999 -9999  250  777
20  1120 -9999  -479B  350-9999-9999
30 -9999   609 -9999 -9999  220   66
30 -9999   914 -9999 -9999  245  128
30 -9999  1219 -9999 -9999  260  154
30 -9999  1524 -9999 -9999  240   77
30 -9999  1828 -9999 -9999  225   82
30 -9999  2133 -9999 -9999  240   77
30 -9999  2438 -9999 -9999  280  108
30 -9999  2743 -9999 -9999  265  133
30 -9999  3048 -9999 -9999  265  133
30 -9999  3352 -9999 -9999  285  144
30 -9999  3657 -9999 -9999  280  149
30 -9999  4267 -9999 -9999  280  154
30 -9999  4876 -9999 -9999  265  175
30 -9999  6096 -9999 -9999  250  303
30 -9999  7620 -9999 -9999  255  308
30 -9999  7924 -9999 -9999  250  308
30 -9999  9144 -9999 -9999  255  380
30 -9999 11887 -9999 -9999  260  489
30 -9999 13106 -9999 -9999  255  406
30 -9999 14020 -9999 -9999  265  447
30 -9999 15240 -9999 -9999  270  334
30 -9999 15544 -9999 -9999  270  314
30 -9999 18288 -9999 -9999  285  272
30 -9999 19202 -9999 -9999  275  226
30 -9999 20116 -9999 -9999  285  303
30 -9999 21336 -9999 -9999  280  293
30 -9999 22250 -9999 -9999  295  329
30 -9999 22555 -9999 -9999  275  314
30 -9999 24384 -9999 -9999  265  339
30 -9999 24688 -9999 -9999  260  339
30 -9999 25908 -9999 -9999  255  478
30 -9999 27432 -9999 -9999  255  530
30 -9999 27736 -9999 -9999  260  535
30 -9999 28041 -9999 -9999  260  653
30 -9999 28956 -9999 -9999  255  674
30 -9999 29565 -9999 -9999  250  777
