#7245120140101002306 126
21 92400B  791   100B  130  175   41
20 91000 -9999   108B  160-9999-9999
20 88400 -9999    92B  160-9999-9999
10 85000  1483B   82B  160   40   30
20 80600 -9999    70B  160-9999-9999
20 74100 -9999    10B  130-9999-9999
20 70300 -9999   -15B  130-9999-9999
10 70000  3058B  -19B  130  275   61
20 62400 -9999   -89B   90-9999-9999
20 60300 -9999   -83B  110-9999-9999
20 55000 -9999  -125B  170-9999-9999
10 50000  5650B -191B  120  300  133
20 47200 -9999  -233B   90-9999-9999
20 46000 -9999  -249B  110-9999-9999
20 44600 -9999  -257B  240-9999-9999
20 40300 -9999  -311B  400-9999-9999
10 40000  7270B -315B  400  310  185
20 31500 -9999  -459B  270-9999-9999
10 30000  9230B -477B  260  290  241
20 29400 -9999  -483B  250-9999-9999
20 27500 -9999  -519B  230-9999-9999
20 25900 -9999  -537B  200-9999-9999
10 25000 10410B -553B  210  290  231
20 22800 -9999  -593B  230-9999-9999
20 21300 -9999  -615B  200-9999-9999
22 20900 -9999  -621B  190  275  319
20 20200 -9999  -613B  190-9999-9999
10 20000 11810B -615B  190  280  303
20 19600 -9999  -623B  190-9999-9999
20 19100 -9999  -615B  190-9999-9999
30 18000 -9999 -9999 -9999  275  406
20 17800 -9999  -635B  180-9999-9999
20 17300 -9999  -601B  200-9999-9999
20 16200 -9999  -587B  250-9999-9999
20 15500 -9999  -603B  270-9999-9999
20 15200 -9999  -593B  280-9999-9999
10 15000 13600B -595B  290  280  283
20 14700 -9999  -601B  290-9999-9999
20 14500 -9999  -593B  300-9999-9999
20 13700 -9999  -619B  300-9999-9999
20 13100 -9999  -633B  290-9999-9999
20 12700 -9999  -621B  290-9999-9999
20 12000 -9999  -623B  290-9999-9999
20 11500 -9999  -611B  300-9999-9999
30 11300 -9999 -9999 -9999  275  386
20 10900 -9999  -617B  300-9999-9999
20 10500 -9999  -607B  310-9999-9999
10 10000 16110B -609B  310  275  257
20  9140 -9999  -597B  310-9999-9999
22  7680 -9999  -653B  290  255  195
20  7300 -9999  -637B  300-9999-9999
10  7000 18310B -657B  290  255  221
20  6890 -9999  -663B  290-9999-9999
20  6160 -9999  -633B  300-9999-9999
20  5290 -9999  -623B  300-9999-9999
20  5150 -9999  -593B  310-9999-9999
10  5000 20380B -603B  310  285  128
20  4860 -9999  -613B  310-9999-9999
20  4780 -9999  -605B  310-9999-9999
20  4480 -9999  -633B  300-9999-9999
20  4340 -9999  -629B  300-9999-9999
20  4240 -9999  -597B  310-9999-9999
20  4130 -9999  -591B  310-9999-9999
20  3400 -9999  -647B  300-9999-9999
20  3250 -9999  -651B  300-9999-9999
20  3060 -9999  -615B  310-9999-9999
10  3000 23530B -611B  310  265  247
20  2740 -9999  -601B  310-9999-9999
20  2430 -9999  -649B  300-9999-9999
20  2290 -9999  -635B  300-9999-9999
20  2150 -9999  -645B  300-9999-9999
10  2000 26040B -589B  310  265  375
20  1910 -9999  -563B  320-9999-9999
20  1570 -9999  -609B  310-9999-9999
20  1470 -9999  -593B  310-9999-9999
20  1360 -9999  -609B  310-9999-9999
20  1290 -9999  -577B  320-9999-9999
20  1250 -9999  -587B  310-9999-9999
20  1220 -9999  -565B  320-9999-9999
20  1150 -9999  -561B  320-9999-9999
20  1100 -9999  -505B  340-9999-9999
20  1050 -9999  -507B  340-9999-9999
20  1030 -9999  -477B  350-9999-9999
10  1000 30420B -485B  340  255  694
30   989 -9999 -9999 -9999  255  694
20   960 -9999  -493B  340-9999-9999
30 -9999  1219 -9999 -9999  225   46
30 -9999  1524 -9999 -9999    0    0
30 -9999  1828 -9999 -9999   20   41
30 -9999  2133 -9999 -9999    0   30
30 -9999  2438 -9999 -9999  355   41
30 -9999  2743 -9999 -9999  290   10
30 -9999  3048 -9999 -9999  265   51
30 -9999  3657 -9999 -9999  295  108
30 -9999  3962 -9999 -9999  270  123
30 -9999  4267 -9999 -9999  285  159
30 -9999  4876 -9999 -9999  315  128
30 -9999  5181 -9999 -9999  295  102
30 -9999  6096 -9999 -9999  305  154
30 -9999  6705 -9999 -9999  325  175
30 -9999  7620 -9999 -9999  300  205
30 -9999  8534 -9999 -9999  295  241
30 -9999  9144 -9999 -9999  290  231
30 -9999 10668 -9999 -9999  290  226
30 -9999 12496 -9999 -9999  275  406
30 -9999 13716 -9999 -9999  280  277
30 -9999 14325 -9999 -9999  260  360
30 -9999 15240 -9999 -9999  275  386
30 -9999 16459 -9999 -9999  275  293
30 -9999 17373 -9999 -9999  265  164
30 -9999 18288 -9999 -9999  250  221
30 -9999 18592 -9999 -9999  280  252
30 -9999 19202 -9999 -9999  285  293
30 -9999 19507 -9999 -9999  295  241
30 -9999 20421 -9999 -9999  270  133
30 -9999 21031 -9999 -9999  290  159
30 -9999 21336 -9999 -9999  275  216
30 -9999 22250 -9999 -9999  285  123
30 -9999 22860 -9999 -9999  275  221
30 -9999 23469 -9999 -9999  265  247
30 -9999 23774 -9999 -9999  280  257
30 -9999 24384 -9999 -9999  280  262
30 -9999 27432 -9999 -9999  255  406
30 -9999 27736 -9999 -9999  245  422
30 -9999 28956 -9999 -9999  255  494
30 -9999 30480 -9999 -9999  255  694
