#7244020140101002312 152
21 97500B  384    88B  140  210   36
20 97000 -9999   104B  170-9999-9999
20 96200 -9999   106B  180-9999-9999
10 92500   829B   80B  160  210  118
20 88200 -9999    44B  130-9999-9999
20 87300 -9999    40B  170-9999-9999
20 85600 -9999    28B  190-9999-9999
10 85000  1518B   28B  220  220  164
20 82900 -9999    16B  220-9999-9999
20 80300 -9999     2B  190-9999-9999
20 79700 -9999     6B  160-9999-9999
20 77700 -9999    10B  150-9999-9999
10 70000  3068B  -57B   90  260  190
20 69600 -9999   -61B   80-9999-9999
20 67700 -9999   -57B  100-9999-9999
20 65800 -9999   -73B   90-9999-9999
20 61900 -9999  -101B  100-9999-9999
20 59800 -9999  -107B  160-9999-9999
20 59000 -9999  -111B  150-9999-9999
20 54400 -9999  -145B  100-9999-9999
20 53000 -9999  -163B   80-9999-9999
20 52400 -9999  -169B   39-9999-9999
20 50600 -9999  -191B   26-9999-9999
10 50000  5650B -195B   31  270  205
20 48900 -9999  -205B   41-9999-9999
20 43800 -9999  -267B   37-9999-9999
20 41300 -9999  -287B   49-9999-9999
10 40000  7270B -305B   41  265  324
20 39000 -9999  -319B   26-9999-9999
20 36500 -9999  -355B   50-9999-9999
20 35800 -9999  -365B   50-9999-9999
20 35200 -9999  -375B   34-9999-9999
20 33400 -9999  -405B   60-9999-9999
20 31500 -9999  -437B   50-9999-9999
20 30500 -9999  -455B  100-9999-9999
10 30000  9240B -465B   80  265  370
20 29300 -9999  -477B   70-9999-9999
20 26700 -9999  -521B  110-9999-9999
10 25000 10430B -555B  110  255  447
20 23900 -9999  -575B  120-9999-9999
20 23700 -9999  -567B  120-9999-9999
20 23100 -9999  -569B  130-9999-9999
20 22300 -9999  -589B  130-9999-9999
20 21500 -9999  -593B  140-9999-9999
20 20600 -9999  -613B  140-9999-9999
10 20000 11830B -615B  140  255  545
20 19900 -9999  -615B  140-9999-9999
22 19200 -9999  -631B  130  260  514
20 18800 -9999  -607B  140-9999-9999
20 18400 -9999  -601B  150-9999-9999
20 17000 -9999  -631B  160-9999-9999
30 16900 -9999 -9999 -9999  255  550
20 16100 -9999  -641B  170-9999-9999
20 15800 -9999  -637B  170-9999-9999
20 15700 -9999  -623B  180-9999-9999
10 15000 13610B -629B  200  260  463
20 14200 -9999  -619B  220-9999-9999
20 14000 -9999  -625B  220-9999-9999
20 13800 -9999  -613B  230-9999-9999
20 13300 -9999  -621B  230-9999-9999
20 13100 -9999  -611B  240-9999-9999
20 12500 -9999  -611B  250-9999-9999
20 11800 -9999  -619B  250-9999-9999
20 11400 -9999  -619B  250-9999-9999
20 11200 -9999  -611B  260-9999-9999
20 10500 -9999  -623B  250-9999-9999
10 10000 16120B -621B  260  280  319
20  9630 -9999  -635B  250-9999-9999
20  7990 -9999  -649B  250-9999-9999
20  7510 -9999  -637B  250-9999-9999
10  7000 18300B -653B  250  270  324
20  6990 -9999  -653B  250-9999-9999
20  6850 -9999  -651B  250-9999-9999
20  6710 -9999  -623B  260-9999-9999
20  6240 -9999  -601B  280-9999-9999
20  5650 -9999  -641B  270-9999-9999
20  5420 -9999  -633B  270-9999-9999
20  5250 -9999  -583B  290-9999-9999
10  5000 20390B -601B  290  275  175
20  4390 -9999  -661B  270-9999-9999
20  4200 -9999  -591B  290-9999-9999
20  3509 -9999  -635B  280-9999-9999
20  3409 -9999  -609B  300-9999-9999
10  3000 23550B -599B  300  270  221
20  2930 -9999  -583B  310-9999-9999
20  2750 -9999  -607B  300-9999-9999
20  2640 -9999  -575B  320-9999-9999
20  2300 -9999  -587B  310-9999-9999
20  2210 -9999  -607B  300-9999-9999
10  2000 26090B -577B  310  250  365
20  1979 -9999  -571B  320-9999-9999
20  1729 -9999  -601B  300-9999-9999
20  1600 -9999  -585B  310-9999-9999
20  1520 -9999  -565B  320-9999-9999
20  1480 -9999  -533B  330-9999-9999
20  1130 -9999  -523B  330-9999-9999
20  1090 -9999  -509B  340-9999-9999
20  1070 -9999  -487B  340-9999-9999
20  1020 -9999  -479B  350-9999-9999
20  1010 -9999  -455B  350-9999-9999
10  1000 30530B -453B  350  255  622
20   970 -9999  -451B  350-9999-9999
20   930 -9999  -413B  370-9999-9999
20   870 -9999  -391A  370-9999-9999
30   850 -9999 -9999 -9999  250  767
20   770 -9999  -387A  370-9999-9999
10   700 32960B -403A  370  245  731
20   650 -9999  -417A  360-9999-9999
30 -9999   609 -9999 -9999  215  102
30 -9999   914 -9999 -9999  210  123
30 -9999  1219 -9999 -9999  205  133
30 -9999  1524 -9999 -9999  215  164
30 -9999  1828 -9999 -9999  230  169
30 -9999  2133 -9999 -9999  225  159
30 -9999  2438 -9999 -9999  260  164
30 -9999  2743 -9999 -9999  265  169
30 -9999  3657 -9999 -9999  270  216
30 -9999  4267 -9999 -9999  265  195
30 -9999  4876 -9999 -9999  270  221
30 -9999  5486 -9999 -9999  265  195
30 -9999  6096 -9999 -9999  270  252
30 -9999  6705 -9999 -9999  275  288
30 -9999  7620 -9999 -9999  265  324
30 -9999  9144 -9999 -9999  265  360
30 -9999 11582 -9999 -9999  250  550
30 -9999 12192 -9999 -9999  255  483
30 -9999 12801 -9999 -9999  255  550
30 -9999 13411 -9999 -9999  265  458
30 -9999 14935 -9999 -9999  255  489
30 -9999 15240 -9999 -9999  265  447
30 -9999 16764 -9999 -9999  275  396
30 -9999 17068 -9999 -9999  280  324
30 -9999 18288 -9999 -9999  270  324
30 -9999 18897 -9999 -9999  285  262
30 -9999 19507 -9999 -9999  265  241
30 -9999 20116 -9999 -9999  275  175
30 -9999 21336 -9999 -9999  280  247
30 -9999 22250 -9999 -9999  270  175
30 -9999 22555 -9999 -9999  270  257
30 -9999 22860 -9999 -9999  280  262
30 -9999 23469 -9999 -9999  270  221
30 -9999 24079 -9999 -9999  250  257
30 -9999 24384 -9999 -9999  245  303
30 -9999 24993 -9999 -9999  270  293
30 -9999 25908 -9999 -9999  250  360
30 -9999 26822 -9999 -9999  255  350
30 -9999 27432 -9999 -9999  255  427
30 -9999 28346 -9999 -9999  260  514
30 -9999 28956 -9999 -9999  255  483
30 -9999 30480 -9999 -9999  255  617
30 -9999 31699 -9999 -9999  250  767
30 -9999 33223 -9999 -9999  245  725
