#7245620140101002318 146
21 98600B  268   100B  160  235   25
20 96900 -9999   100B  160-9999-9999
10 92500   793B   70B  150  225  159
20 87100 -9999    28B  120-9999-9999
20 85300 -9999    28B  130-9999-9999
10 85000  1481B   24B  130  245  247
20 83000 -9999    14B  120-9999-9999
20 81000 -9999    18B  120-9999-9999
20 80500 -9999    22B  130-9999-9999
20 80100 -9999    38B  160-9999-9999
20 79500 -9999    40B  170-9999-9999
20 73600 -9999   -17B  110-9999-9999
20 70800 -9999   -39B   90-9999-9999
20 70300 -9999   -43B  100-9999-9999
10 70000  3038B  -45B   90  275  159
20 68600 -9999   -57B   70-9999-9999
20 67900 -9999   -61B  100-9999-9999
20 67400 -9999   -63B   70-9999-9999
20 64800 -9999   -85B   80-9999-9999
20 64200 -9999   -83B   90-9999-9999
20 63200 -9999   -91B   80-9999-9999
20 60200 -9999  -107B   90-9999-9999
20 55300 -9999  -157B   70-9999-9999
20 54300 -9999  -157B   39-9999-9999
20 53600 -9999  -161B   60-9999-9999
20 51100 -9999  -185B  130-9999-9999
10 50000  5610B -197B  100  275  154
20 49700 -9999  -199B   90-9999-9999
20 48600 -9999  -211B  150-9999-9999
20 46300 -9999  -239B  210-9999-9999
20 42400 -9999  -295B  190-9999-9999
20 40500 -9999  -319B  280-9999-9999
10 40000  7230B -325B  250  285  200
20 35200 -9999  -409B  120-9999-9999
20 33900 -9999  -431B   50-9999-9999
20 33100 -9999  -445B   36-9999-9999
20 31000 -9999  -485B   70-9999-9999
10 30000  9180B -499B   80  285  241
20 29800 -9999  -503B   80-9999-9999
20 28400 -9999  -517B  210-9999-9999
20 26600 -9999  -549B  190-9999-9999
10 25000 10350B -567B  160  260  324
20 24700 -9999  -569B  160-9999-9999
20 23200 -9999  -595B  140-9999-9999
20 22000 -9999  -591B  160-9999-9999
20 21400 -9999  -597B  170-9999-9999
10 20000 11740B -629B  150  270  355
22 19500 -9999  -637B  150  270  365
20 19000 -9999  -623B  150-9999-9999
20 18800 -9999  -595B  170-9999-9999
20 18000 -9999  -607B  180-9999-9999
20 17300 -9999  -601B  200-9999-9999
20 16700 -9999  -611B  200-9999-9999
20 16500 -9999  -587B  220-9999-9999
20 16000 -9999  -579B  240-9999-9999
10 15000 13540B -599B  260  260  370
20 14900 -9999  -601B  260-9999-9999
20 14300 -9999  -595B  270-9999-9999
20 13500 -9999  -617B  270  265  437
20 13200 -9999  -611B  270-9999-9999
20 12500 -9999  -627B  260-9999-9999
20 12300 -9999  -625B  260-9999-9999
20 12200 -9999  -607B  260-9999-9999
20 11900 -9999  -603B  260-9999-9999
20 11600 -9999  -577B  280-9999-9999
20 11400 -9999  -587B  280-9999-9999
20 11100 -9999  -579B  290-9999-9999
20 10200 -9999  -587B  300-9999-9999
10 10000 16070B -597B  300  265  308
20  8900 -9999  -623B  280-9999-9999
20  7719 -9999  -629B  280-9999-9999
20  7590 -9999  -617B  290-9999-9999
20  7100 -9999  -641B  280-9999-9999
10  7000 18270B -629B  280  280  314
20  6750 -9999  -613B  300-9999-9999
20  6360 -9999  -639B  280-9999-9999
20  5690 -9999  -643B  280-9999-9999
10  5000 20350B -585B  310  300  216
20  4910 -9999  -575B  320-9999-9999
20  3620 -9999  -653B  290-9999-9999
20  3500 -9999  -627B  300-9999-9999
20  3359 -9999  -637B  300-9999-9999
20  3280 -9999  -625B  300-9999-9999
20  3080 -9999  -651B  300-9999-9999
10  3000 23510B -631B  300  275  324
20  2960 -9999  -625B  300-9999-9999
20  2720 -9999  -621B  300-9999-9999
20  2570 -9999  -597B  310-9999-9999
20  2280 -9999  -629B  300-9999-9999
20  2200 -9999  -605B  310-9999-9999
20  2020 -9999  -627B  300-9999-9999
10  2000 26020B -619B  300  255  416
20  1829 -9999  -569B  320-9999-9999
20  1590 -9999  -573B  320-9999-9999
20  1490 -9999  -591B  310-9999-9999
20  1460 -9999  -577B  320-9999-9999
20  1300 -9999  -583B  310-9999-9999
20  1200 -9999  -563B  320-9999-9999
20  1080 -9999  -573B  320-9999-9999
20  1040 -9999  -521B  330-9999-9999
10  1000 30400B -521B  330  250  679
20   970 -9999  -527B  330-9999-9999
20   850 -9999  -441B  360-9999-9999
20   750 -9999  -463B  350  250  854
20   730 -9999  -441B  360-9999-9999
30 -9999   609 -9999 -9999  225  133
30 -9999   914 -9999 -9999  225  169
30 -9999  1219 -9999 -9999  225  211
30 -9999  1524 -9999 -9999  250  247
30 -9999  1828 -9999 -9999  270  185
30 -9999  2133 -9999 -9999  280  108
30 -9999  2438 -9999 -9999  290  108
30 -9999  2743 -9999 -9999  285  123
30 -9999  3657 -9999 -9999  285  138
30 -9999  3962 -9999 -9999  275  144
30 -9999  4267 -9999 -9999  285  149
30 -9999  4572 -9999 -9999  295  154
30 -9999  4876 -9999 -9999  285  169
30 -9999  5791 -9999 -9999  275  149
30 -9999  6096 -9999 -9999  275  169
30 -9999  7010 -9999 -9999  290  169
30 -9999  7620 -9999 -9999  285  221
30 -9999  8534 -9999 -9999  275  231
30 -9999  9144 -9999 -9999  285  241
30 -9999  9448 -9999 -9999  290  247
30 -9999 10058 -9999 -9999  265  267
30 -9999 10668 -9999 -9999  260  380
30 -9999 11887 -9999 -9999  275  396
30 -9999 12496 -9999 -9999  265  416
30 -9999 12801 -9999 -9999  280  386
30 -9999 13106 -9999 -9999  270  329
30 -9999 14325 -9999 -9999  265  437
30 -9999 15240 -9999 -9999  285  391
30 -9999 18288 -9999 -9999  280  319
30 -9999 19507 -9999 -9999  285  329
30 -9999 20421 -9999 -9999  300  221
30 -9999 20726 -9999 -9999  285  180
30 -9999 21336 -9999 -9999  280  226
30 -9999 22250 -9999 -9999  275  200
30 -9999 24384 -9999 -9999  275  350
30 -9999 26517 -9999 -9999  255  473
30 -9999 27432 -9999 -9999  250  463
30 -9999 29260 -9999 -9999  250  489
30 -9999 30480 -9999 -9999  250  689
30 -9999 30784 -9999 -9999  255  751
30 -9999 32308 -9999 -9999  250  854
