#7246920140406002301 115
21 83200B 1612   114B  170    0    0
20 82900 -9999   106B  180-9999-9999
20 76800 -9999    44B  130-9999-9999
10 70000  3015B  -27B   70  115   20
20 68900 -9999   -39B   60-9999-9999
20 65200 -9999   -79B   26-9999-9999
20 58700 -9999  -133B   39-9999-9999
10 50000  5580B -227B   28  170   15
20 47400 -9999  -261B   26-9999-9999
10 40000  7170B -359B   60  270  123
20 37200 -9999  -403B   70-9999-9999
20 35600 -9999  -429B   70-9999-9999
20 32000 -9999  -489B   70-9999-9999
20 30800 -9999  -511B  100-9999-9999
10 30000  9100B -525B  100  220  236
20 28500 -9999  -551B  110-9999-9999
20 27800 -9999  -545B  140-9999-9999
20 26300 -9999  -571B  170-9999-9999
20 25700 -9999  -567B  150-9999-9999
10 25000 10260B -579B  140  240  138
22 24400 -9999  -585B  140  235  144
20 21500 -9999  -555B  320-9999-9999
20 20500 -9999  -567B  320-9999-9999
10 20000 11680B -557B  320  255  164
20 19900 -9999  -553B  320-9999-9999
20 18800 -9999  -543B  330-9999-9999
20 16900 -9999  -553B  320-9999-9999
20 15200 -9999  -551B  320-9999-9999
10 15000 13510B -557B  320  265  175
20 14800 -9999  -563B  320-9999-9999
20 14100 -9999  -569B  320-9999-9999
20 13700 -9999  -563B  320-9999-9999
20 13200 -9999  -571B  320-9999-9999
20 12800 -9999  -565B  320-9999-9999
20 11000 -9999  -595B  310-9999-9999
20 10500 -9999  -589B  310-9999-9999
20 10200 -9999  -577B  320-9999-9999
10 10000 16070B -579B  320  260  195
20  8240 -9999  -575B  320-9999-9999
20  7540 -9999  -603B  310-9999-9999
10  7000 18320B -593B  310  265  175
20  6569 -9999  -591B  310-9999-9999
20  6480 -9999  -577B  320-9999-9999
20  5560 -9999  -589B  310-9999-9999
10  5000 20430B -565B  320  255  185
20  4980 -9999  -565B  320-9999-9999
20  4620 -9999  -573B  320-9999-9999
20  4380 -9999  -535B  330-9999-9999
20  4050 -9999  -515B  330-9999-9999
20  3530 -9999  -519B  330-9999-9999
20  3280 -9999  -543B  330-9999-9999
20  3030 -9999  -545B  330-9999-9999
10  3000 23710B -541B  330  255  144
20  2750 -9999  -523B  330-9999-9999
20  2540 -9999  -541B  330-9999-9999
20  2400 -9999  -525B  330-9999-9999
10  2000 26320B -577B  320  250  113
20  1950 -9999  -579B  320-9999-9999
20  1860 -9999  -547B  320-9999-9999
20  1710 -9999  -541B  330-9999-9999
20  1670 -9999  -525B  330-9999-9999
20  1510 -9999  -549B  320-9999-9999
20  1450 -9999  -509B  340-9999-9999
20  1320 -9999  -529B  330-9999-9999
20  1220 -9999  -517B  330-9999-9999
20  1200 -9999  -487B  340-9999-9999
20  1110 -9999  -513B  340-9999-9999
20  1040 -9999  -469B  350-9999-9999
10  1000 30800B -463B  350  165   82
20   950 -9999  -443B  360-9999-9999
20   880 -9999  -447B  350-9999-9999
20   860 -9999  -427B  360-9999-9999
30 -9999  1828 -9999 -9999  230   20
30 -9999  2133 -9999 -9999  250    5
30 -9999  2438 -9999 -9999  135   25
30 -9999  2743 -9999 -9999  130   25
30 -9999  3657 -9999 -9999  140   25
30 -9999  4267 -9999 -9999   95   25
30 -9999  4876 -9999 -9999  145   20
30 -9999  5791 -9999 -9999  210    5
30 -9999  6096 -9999 -9999  290   20
30 -9999  6400 -9999 -9999  260   56
30 -9999  7315 -9999 -9999  270  118
30 -9999  7620 -9999 -9999  255  149
30 -9999  9144 -9999 -9999  220  247
30 -9999  9753 -9999 -9999  255  144
30 -9999 10363 -9999 -9999  245  133
30 -9999 15240 -9999 -9999  260  211
30 -9999 17983 -9999 -9999  265  231
30 -9999 18288 -9999 -9999  270  185
30 -9999 18592 -9999 -9999  245  175
30 -9999 19812 -9999 -9999  270  221
30 -9999 20726 -9999 -9999  250  180
30 -9999 21031 -9999 -9999  260  221
30 -9999 21336 -9999 -9999  260  169
30 -9999 21640 -9999 -9999  240  159
30 -9999 21945 -9999 -9999  265  144
30 -9999 23164 -9999 -9999  225  118
30 -9999 23774 -9999 -9999  255  144
30 -9999 24079 -9999 -9999  230  144
30 -9999 24384 -9999 -9999  235  113
30 -9999 24688 -9999 -9999  235  102
30 -9999 24993 -9999 -9999  265  123
30 -9999 25603 -9999 -9999  245  133
30 -9999 26212 -9999 -9999  260  113
30 -9999 26822 -9999 -9999  220  154
30 -9999 27127 -9999 -9999  245  159
30 -9999 27432 -9999 -9999  245  123
30 -9999 27736 -9999 -9999  260   77
30 -9999 28041 -9999 -9999  235  108
30 -9999 28651 -9999 -9999  255  102
30 -9999 29260 -9999 -9999  265   87
30 -9999 29565 -9999 -9999  160    5
30 -9999 30480 -9999 -9999  170  102
30 -9999 31699 -9999 -9999  235  175
