#7245120140405002304 126
21 92600B  791   132B  170   50   15
10 92500B  803B  132B  170   50   15
10 85000  1503B   60B  130  250   25
20 80600 -9999    18B   90-9999-9999
20 72200 -9999   -61B   43-9999-9999
20 70400 -9999   -63B  130-9999-9999
10 70000  3051B  -65B  140  280  123
20 69200 -9999   -69B  130-9999-9999
20 68600 -9999   -67B  190-9999-9999
20 67200 -9999   -79B  180-9999-9999
20 65200 -9999   -87B  280-9999-9999
20 64300 -9999   -83B  380-9999-9999
20 61400 -9999  -107B  450-9999-9999
20 60000 -9999  -103B  470-9999-9999
20 55200 -9999  -139B  370-9999-9999
20 54400 -9999  -143B  240-9999-9999
20 52100 -9999  -171B  440-9999-9999
10 50000  5630B -187B  440  270  195
20 47900 -9999  -207B  400-9999-9999
20 47500 -9999  -209B  300-9999-9999
20 47200 -9999  -211B  180-9999-9999
20 46500 -9999  -221B   80-9999-9999
20 45500 -9999  -235B   60-9999-9999
20 43900 -9999  -251B   60-9999-9999
10 40000  7250B -307B   50  260  252
20 38600 -9999  -323B   60-9999-9999
20 37600 -9999  -339B   38-9999-9999
20 36600 -9999  -353B   48-9999-9999
20 35700 -9999  -365B   90-9999-9999
20 33300 -9999  -403B  110-9999-9999
20 30900 -9999  -447B   80-9999-9999
10 30000  9230B -465B   80  260  365
20 29100 -9999  -483B   70-9999-9999
20 28000 -9999  -505B  100-9999-9999
20 26300 -9999  -543B   80-9999-9999
10 25000 10410B -553B  130  265  416
20 23700 -9999  -557B  250-9999-9999
22 21300 -9999  -579B  210  260  509
30 20900 -9999 -9999 -9999  260  525
10 20000 11830B -575B  250  265  483
20 19200 -9999  -587B  280-9999-9999
20 18600 -9999  -579B  300-9999-9999
20 17500 -9999  -591B  310-9999-9999
20 16500 -9999  -579B  320-9999-9999
20 15500 -9999  -589B  310-9999-9999
20 15200 -9999  -585B  310-9999-9999
10 15000 13640B -591B  310  265  401
20 14800 -9999  -595B  310-9999-9999
20 13600 -9999  -585B  310-9999-9999
20 12100 -9999  -615B  310-9999-9999
20 11000 -9999  -615B  310-9999-9999
10 10000 16160B -617B  300  255  298
30  9520 -9999 -9999 -9999  260  324
20  8200 -9999  -619B  300-9999-9999
20  7730 -9999  -637B  300-9999-9999
10  7000 18360B -599B  310  275  236
20  6960 -9999  -599B  310-9999-9999
20  6760 -9999  -573B  320-9999-9999
20  6120 -9999  -605B  310-9999-9999
20  6000 -9999  -589B  310-9999-9999
20  5370 -9999  -597B  310-9999-9999
20  5280 -9999  -579B  320-9999-9999
20  5050 -9999  -599B  310-9999-9999
10  5000 20470B -591B  310  245  128
20  4650 -9999  -569B  320-9999-9999
20  3970 -9999  -555B  320-9999-9999
10  3000 23710B -557B  320  265    5
20  2890 -9999  -565B  320-9999-9999
20  2800 -9999  -551B  320-9999-9999
20  2580 -9999  -565B  320-9999-9999
20  2280 -9999  -547B  320-9999-9999
10  2000 26300B -543B  330   45   61
20  1790 -9999  -549B  320-9999-9999
20  1580 -9999  -523B  330-9999-9999
20  1390 -9999  -533B  330-9999-9999
20  1290 -9999  -485B  340-9999-9999
20  1230 -9999  -473B  350-9999-9999
20  1170 -9999  -487B  340-9999-9999
20  1100 -9999  -473B  350-9999-9999
20  1030 -9999  -489B  340-9999-9999
10  1000 30800B -469B  350  260   36
20   910 -9999  -443B  360-9999-9999
30 -9999  1219 -9999 -9999  335   10
30 -9999  1828 -9999 -9999  225   30
30 -9999  2133 -9999 -9999  210   51
30 -9999  2438 -9999 -9999  260   51
30 -9999  2743 -9999 -9999  245   77
30 -9999  3048 -9999 -9999  280  128
30 -9999  3657 -9999 -9999  275  118
30 -9999  4267 -9999 -9999  270  113
30 -9999  4876 -9999 -9999  265  113
30 -9999  5791 -9999 -9999  275  211
30 -9999  6096 -9999 -9999  270  205
30 -9999  7620 -9999 -9999  270  262
30 -9999  9144 -9999 -9999  265  360
30 -9999 10058 -9999 -9999  260  360
30 -9999 11582 -9999 -9999  260  525
30 -9999 15240 -9999 -9999  265  319
30 -9999 16459 -9999 -9999  260  324
30 -9999 16764 -9999 -9999  265  236
30 -9999 17373 -9999 -9999  240  257
30 -9999 17983 -9999 -9999  265  298
30 -9999 18288 -9999 -9999  275  262
30 -9999 18592 -9999 -9999  285  164
30 -9999 18897 -9999 -9999  260   92
30 -9999 19202 -9999 -9999  225  123
30 -9999 20116 -9999 -9999  255  113
30 -9999 20421 -9999 -9999  245  128
30 -9999 21031 -9999 -9999  260   51
30 -9999 21336 -9999 -9999  230   61
30 -9999 21640 -9999 -9999  270   92
30 -9999 21945 -9999 -9999  340    5
30 -9999 24384 -9999 -9999  315   25
30 -9999 24993 -9999 -9999  345   51
30 -9999 25298 -9999 -9999  350   56
30 -9999 25603 -9999 -9999   30   87
30 -9999 26212 -9999 -9999   50   61
30 -9999 26517 -9999 -9999   15   61
30 -9999 26822 -9999 -9999   35   66
30 -9999 27432 -9999 -9999   35   56
30 -9999 28041 -9999 -9999    0    0
30 -9999 28956 -9999 -9999  230   87
30 -9999 30175 -9999 -9999  255  128
30 -9999 30480 -9999 -9999  280   66
30 -9999 30784 -9999 -9999  285   25
30 -9999 31394 -9999 -9999  300   51
