#7244020140101121118 150
21 97200B  384    -5B   37  160   46
20 95800 -9999    32B   80-9999-9999
20 93100 -9999    54B  140-9999-9999
10 92500   789B   58B  130  235  169
20 91000 -9999    70B  100-9999-9999
20 86600 -9999    46B   80-9999-9999
10 85000  1481B   36B   90  270   56
20 84100 -9999    30B   90-9999-9999
20 83200 -9999    32B  120-9999-9999
20 81900 -9999    24B  120-9999-9999
20 81000 -9999    38B  190-9999-9999
20 77400 -9999    24B  200-9999-9999
20 75000 -9999     4B  210-9999-9999
20 74400 -9999     2B  150-9999-9999
20 71900 -9999   -17B  110-9999-9999
10 70000  3043B  -31B  140  240  108
20 69500 -9999   -33B  150-9999-9999
20 67100 -9999   -45B  150-9999-9999
20 65300 -9999   -65B  100-9999-9999
20 61600 -9999   -97B  110-9999-9999
20 60100 -9999  -113B   70-9999-9999
20 58800 -9999  -125B   70-9999-9999
20 57300 -9999  -133B   60-9999-9999
20 56100 -9999  -135B   70-9999-9999
20 53200 -9999  -165B   70-9999-9999
20 52900 -9999  -167B  110-9999-9999
20 50100 -9999  -207B   80-9999-9999
10 50000  5620B -207B  100  255  236
20 49700 -9999  -205B  160-9999-9999
20 49200 -9999  -195B  280-9999-9999
20 48000 -9999  -197B  370-9999-9999
10 40000  7250B -295B  350  255  288
20 37800 -9999  -327B  290-9999-9999
20 35100 -9999  -371B  130-9999-9999
20 32700 -9999  -407B  110-9999-9999
20 31000 -9999  -441B   60-9999-9999
10 30000  9230B -457B   70  255  380
20 29500 -9999  -467B   80-9999-9999
20 28700 -9999  -481B   60-9999-9999
20 26700 -9999  -517B   60-9999-9999
20 25800 -9999  -527B  100-9999-9999
10 25000 10420B -543B  110  255  453
20 24600 -9999  -549B  110-9999-9999
20 23100 -9999  -557B  140-9999-9999
30 20700 -9999 -9999 -9999  255  592
20 20500 -9999  -623B  130-9999-9999
20 20200 -9999  -619B  130-9999-9999
10 20000 11830B -621B  130  255  586
22 19200 -9999  -631B  130  260  540
20 18300 -9999  -619B  140-9999-9999
20 17300 -9999  -639B  140-9999-9999
20 16700 -9999  -603B  160-9999-9999
20 16500 -9999  -605B  170-9999-9999
20 16000 -9999  -591B  200-9999-9999
20 15100 -9999  -607B  230-9999-9999
10 15000 13610B -603B  230  260  499
20 13900 -9999  -591B  250-9999-9999
20 13300 -9999  -609B  250-9999-9999
20 12600 -9999  -619B  240-9999-9999
20 12400 -9999  -613B  250-9999-9999
20 12000 -9999  -625B  240-9999-9999
20 11700 -9999  -619B  240-9999-9999
20 11500 -9999  -629B  240-9999-9999
20 11200 -9999  -619B  240-9999-9999
20 10200 -9999  -649B  230-9999-9999
10 10000 16120B -643B  230  265  406
20  9510 -9999  -631B  240-9999-9999
20  8920 -9999  -649B  230-9999-9999
20  8750 -9999  -633B  240-9999-9999
20  7740 -9999  -655B  240-9999-9999
20  7450 -9999  -637B  240-9999-9999
10  7000 18300B -645B  240  270  277
20  6260 -9999  -651B  240-9999-9999
20  5760 -9999  -621B  260-9999-9999
20  5180 -9999  -631B  260-9999-9999
20  5100 -9999  -621B  270-9999-9999
10  5000 20370B -629B  260  290  247
20  4870 -9999  -635B  260-9999-9999
20  4470 -9999  -607B  280-9999-9999
20  3950 -9999  -669B  250-9999-9999
20  3830 -9999  -649B  260-9999-9999
20  3430 -9999  -669B  250-9999-9999
20  3259 -9999  -613B  270-9999-9999
10  3000 23500B -611B  280  280  298
20  2710 -9999  -621B  270-9999-9999
20  2640 -9999  -601B  290-9999-9999
20  2560 -9999  -615B  280-9999-9999
20  2310 -9999  -611B  280-9999-9999
20  2050 -9999  -589B  290-9999-9999
10  2000 26020B -595B  290  250  422
20  1870 -9999  -601B  290-9999-9999
20  1670 -9999  -539B  320-9999-9999
20  1550 -9999  -521B  320-9999-9999
20  1510 -9999  -529B  320-9999-9999
20  1450 -9999  -505B  330-9999-9999
20  1380 -9999  -513B  320-9999-9999
20  1230 -9999  -473B  340-9999-9999
20  1150 -9999  -471B  340-9999-9999
20  1120 -9999  -439B  360-9999-9999
20  1080 -9999  -439B  350  255  803
10  1000 30530B -401B  370  260  792
20   989 -9999  -393B  370-9999-9999
20   910 -9999  -383B  370-9999-9999
20   860 -9999  -401A  360-9999-9999
20   790 -9999  -359A  380-9999-9999
20   740 -9999  -369A  380-9999-9999
20   720 -9999  -347A  390-9999-9999
10   700 32990B -345A  390  250  720
20   650 -9999  -357A  380-9999-9999
30 -9999   609 -9999 -9999  220  175
30 -9999   914 -9999 -9999  250  138
30 -9999  1219 -9999 -9999  260  113
30 -9999  1524 -9999 -9999  270   51
30 -9999  1828 -9999 -9999  235  113
30 -9999  2133 -9999 -9999  240  159
30 -9999  2438 -9999 -9999  235  149
30 -9999  2743 -9999 -9999  240  144
30 -9999  3352 -9999 -9999  250  113
30 -9999  3657 -9999 -9999  250  123
30 -9999  4267 -9999 -9999  250  164
30 -9999  4876 -9999 -9999  255  205
30 -9999  5181 -9999 -9999  255  247
30 -9999  6096 -9999 -9999  250  236
30 -9999  7620 -9999 -9999  255  288
30 -9999  7924 -9999 -9999  255  288
30 -9999  9144 -9999 -9999  255  386
30 -9999 11582 -9999 -9999  255  592
30 -9999 12192 -9999 -9999  255  489
30 -9999 12801 -9999 -9999  255  561
30 -9999 14020 -9999 -9999  260  504
30 -9999 14935 -9999 -9999  270  370
30 -9999 15240 -9999 -9999  265  391
30 -9999 18288 -9999 -9999  270  277
30 -9999 18897 -9999 -9999  275  211
30 -9999 19812 -9999 -9999  270  190
30 -9999 20726 -9999 -9999  290  257
30 -9999 21336 -9999 -9999  270  205
30 -9999 21640 -9999 -9999  265  190
30 -9999 22555 -9999 -9999  270  298
30 -9999 23469 -9999 -9999  285  308
30 -9999 24079 -9999 -9999  255  329
30 -9999 24384 -9999 -9999  265  355
30 -9999 25603 -9999 -9999  250  355
30 -9999 27127 -9999 -9999  265  535
30 -9999 27432 -9999 -9999  260  550
30 -9999 28956 -9999 -9999  245  581
30 -9999 29870 -9999 -9999  255  803
30 -9999 30480 -9999 -9999  255  797
30 -9999 31699 -9999 -9999  260  756
30 -9999 33528 -9999 -9999  240  736
