#7246920140101121110 115
21 83400B 1612    14B   70  305   10
20 82700 -9999    60B  130-9999-9999
20 81300 -9999    58B  140-9999-9999
20 72000 -9999   -19B   80-9999-9999
10 70000  3024B  -41B   70  305  102
20 61400 -9999  -135B    9-9999-9999
20 57700 -9999  -169B   10-9999-9999
20 56800 -9999  -177B   32-9999-9999
20 54900 -9999  -193B   41-9999-9999
20 51700 -9999  -227B   27-9999-9999
10 50000  5570B -245B   37  300  216
20 49400 -9999  -249B   50-9999-9999
20 47000 -9999  -277B   50-9999-9999
20 43000 -9999  -331B   12-9999-9999
10 40000  7150B -375B   41  295  200
20 39200 -9999  -385B   48-9999-9999
22 32400 -9999  -505B   40  275  288
20 31700 -9999  -485B   60-9999-9999
20 30200 -9999  -509B  190-9999-9999
10 30000  9070B -509B  220  285  262
20 29400 -9999  -513B  330-9999-9999
20 28700 -9999  -489B  320-9999-9999
20 28000 -9999  -483B  340-9999-9999
20 27800 -9999  -477B  350-9999-9999
20 27200 -9999  -477B  350-9999-9999
10 25000 10270B -499B  340  285  262
20 24000 -9999  -515B  330-9999-9999
20 23000 -9999  -509B  340-9999-9999
20 21300 -9999  -529B  330-9999-9999
10 20000 11710B -525B  330  295  257
20 18800 -9999  -551B  320-9999-9999
20 18200 -9999  -549B  320-9999-9999
20 17300 -9999  -565B  320-9999-9999
20 16600 -9999  -561B  320-9999-9999
22 15900 -9999  -579B  320  290  298
20 15500 -9999  -575B  320-9999-9999
10 15000 13540B -581B  310  290  267
20 14700 -9999  -583B  310-9999-9999
20 14400 -9999  -569B  320-9999-9999
20 13300 -9999  -571B  320  290  324
20 13100 -9999  -549B  320-9999-9999
20 12900 -9999  -541B  330-9999-9999
20 12300 -9999  -565B  320-9999-9999
20 12000 -9999  -557B  320-9999-9999
20 11100 -9999  -591B  310-9999-9999
20 10800 -9999  -595B  310-9999-9999
20 10700 -9999  -587B  310-9999-9999
20 10400 -9999  -607B  310-9999-9999
10 10000 16100B -613B  310  290  159
20  8710 -9999  -637B-9999-9999-9999
20  8390 -9999  -627B-9999-9999-9999
20  8290 -9999  -599B-9999-9999-9999
20  7940 -9999  -575B-9999-9999-9999
10  7000 18320B -605B-9999  320  180
20  6580 -9999  -613B-9999-9999-9999
20  6080 -9999  -643B-9999-9999-9999
20  5780 -9999  -631B-9999-9999-9999
20  5300 -9999  -649B-9999-9999-9999
20  5220 -9999  -621B-9999-9999-9999
10  5000 20390B -619B-9999  315  190
20  4870 -9999  -605B-9999-9999-9999
20  4210 -9999  -653B-9999-9999-9999
20  3770 -9999  -633B-9999-9999-9999
20  3500 -9999  -645B-9999-9999-9999
20  3060 -9999  -693B-9999-9999-9999
10  3000 23510B -689B-9999  315  262
20  2550 -9999  -691B-9999-9999-9999
20  2300 -9999  -671B-9999-9999-9999
20  2050 -9999  -689B-9999-9999-9999
10  2000 25940B -689B-9999  280  283
20  1910 -9999  -683B-9999-9999-9999
20  1810 -9999  -649B-9999-9999-9999
20  1729 -9999  -653B-9999-9999-9999
20  1700 -9999  -625B-9999-9999-9999
20  1620 -9999  -631B-9999-9999-9999
20  1580 -9999  -613B-9999-9999-9999
20  1450 -9999  -625B-9999-9999-9999
20  1320 -9999  -665B-9999-9999-9999
20  1240 -9999  -657B  290  265  437
30 -9999  1828 -9999 -9999  345   66
30 -9999  2133 -9999 -9999  345   66
30 -9999  2438 -9999 -9999  310   61
30 -9999  2743 -9999 -9999  305   61
30 -9999  3657 -9999 -9999  305  133
30 -9999  4267 -9999 -9999  300  164
30 -9999  4876 -9999 -9999  300  221
30 -9999  6096 -9999 -9999  300  231
30 -9999  7315 -9999 -9999  295  200
30 -9999  7620 -9999 -9999  285  241
30 -9999  7924 -9999 -9999  275  247
30 -9999  8534 -9999 -9999  285  308
30 -9999  9144 -9999 -9999  285  267
30 -9999 10058 -9999 -9999  290  252
30 -9999 10972 -9999 -9999  275  200
30 -9999 14325 -9999 -9999  290  324
30 -9999 15240 -9999 -9999  295  267
30 -9999 15849 -9999 -9999  300  190
30 -9999 17678 -9999 -9999  310  205
30 -9999 18288 -9999 -9999  325  185
30 -9999 18592 -9999 -9999  300  144
30 -9999 19202 -9999 -9999  300   72
30 -9999 19812 -9999 -9999  305  226
30 -9999 20116 -9999 -9999  295  180
30 -9999 20421 -9999 -9999  315  180
30 -9999 21031 -9999 -9999  285  123
30 -9999 21336 -9999 -9999  290  123
30 -9999 21640 -9999 -9999  300  180
30 -9999 21945 -9999 -9999  280  149
30 -9999 23164 -9999 -9999  310  277
30 -9999 23469 -9999 -9999  320  267
30 -9999 24384 -9999 -9999  290  252
30 -9999 24993 -9999 -9999  305  298
30 -9999 25908 -9999 -9999  280  283
30 -9999 27432 -9999 -9999  255  344
30 -9999 28651 -9999 -9999  265  437
