#7246920140405002302 107
21 83400B 1612   110B  190  170   41
20 82700 -9999    92B  200-9999-9999
20 72600 -9999    -9B  140-9999-9999
20 70700 -9999   -25B  150-9999-9999
10 70000  3030B  -33B  140  230   51
20 54800 -9999  -195B   24-9999-9999
20 52700 -9999  -215B   38-9999-9999
20 51300 -9999  -233B   25-9999-9999
20 50300 -9999  -235B   41-9999-9999
10 50000  5580B -231B   47  270  164
20 49500 -9999  -223B   50-9999-9999
20 47200 -9999  -237B   70-9999-9999
20 45000 -9999  -265B   60-9999-9999
20 42700 -9999  -289B   80-9999-9999
10 40000  7190B -327B   80  265  185
20 36200 -9999  -381B   80-9999-9999
20 32200 -9999  -447B   50-9999-9999
10 30000  9150B -487B   70  250  283
20 29200 -9999  -503B   70-9999-9999
10 25000 10320B -591B   80  250  329
22 24800 -9999  -595B   80  250  329
20 23900 -9999  -599B   80-9999-9999
20 23400 -9999  -593B   90-9999-9999
20 22200 -9999  -607B  100-9999-9999
20 21800 -9999  -599B  110-9999-9999
20 21100 -9999  -601B  110-9999-9999
10 20000 11710B -583B  140  255  370
30 18400 -9999 -9999 -9999  255  391
20 17900 -9999  -579B  200-9999-9999
20 17600 -9999  -569B  220-9999-9999
20 17100 -9999  -573B  250-9999-9999
20 16300 -9999  -565B  300-9999-9999
10 15000 13530B -575B  320  260  324
20 14100 -9999  -579B  320-9999-9999
20 13700 -9999  -591B  310-9999-9999
20 13200 -9999  -579B  320-9999-9999
20 12800 -9999  -579B  320-9999-9999
20 12300 -9999  -595B  310-9999-9999
20 11700 -9999  -599B  310-9999-9999
20 11400 -9999  -607B  310-9999-9999
20 11000 -9999  -609B  310-9999-9999
10 10000 16070B -613B  310  260  277
20  8540 -9999  -603B  310-9999-9999
20  8169 -9999  -579B  320-9999-9999
20  7610 -9999  -595B  310-9999-9999
20  7219 -9999  -575B  320-9999-9999
10  7000 18300B -575B  320  250  185
20  5690 -9999  -581B  310-9999-9999
20  5320 -9999  -559B  320-9999-9999
20  5040 -9999  -565B  320-9999-9999
10  5000 20420B -555B  320  250  159
20  4790 -9999  -537B  330-9999-9999
20  4560 -9999  -547B  320-9999-9999
20  4490 -9999  -529B  330-9999-9999
20  3859 -9999  -541B  330-9999-9999
20  3440 -9999  -579B  320-9999-9999
20  3350 -9999  -557B  320-9999-9999
20  3280 -9999  -559B  320-9999-9999
20  3240 -9999  -527B  330-9999-9999
20  3180 -9999  -521B  330-9999-9999
20  3130 -9999  -477B  350-9999-9999
10  3000 23700B -499B  340  290   46
20  2800 -9999  -537B  330-9999-9999
20  2620 -9999  -557B  320-9999-9999
20  2240 -9999  -573B  320-9999-9999
20  2160 -9999  -551B  320-9999-9999
10  2000 26290B -539B  330  265   51
20  1929 -9999  -539B  330-9999-9999
20  1710 -9999  -563B  320-9999-9999
20  1600 -9999  -517B  330-9999-9999
20  1390 -9999  -525B  330-9999-9999
30 -9999  1828 -9999 -9999  130   51
30 -9999  2133 -9999 -9999  145   61
30 -9999  2438 -9999 -9999  185   61
30 -9999  2743 -9999 -9999  210   41
30 -9999  3352 -9999 -9999  245   72
30 -9999  3657 -9999 -9999  245   66
30 -9999  3962 -9999 -9999  240   77
30 -9999  4267 -9999 -9999  265   77
30 -9999  4572 -9999 -9999  270  102
30 -9999  4876 -9999 -9999  265  113
30 -9999  5181 -9999 -9999  255  138
30 -9999  5791 -9999 -9999  275  164
30 -9999  6096 -9999 -9999  265  185
30 -9999  7620 -9999 -9999  265  205
30 -9999  8534 -9999 -9999  250  262
30 -9999  9144 -9999 -9999  250  283
30 -9999 12192 -9999 -9999  255  391
30 -9999 15240 -9999 -9999  255  211
30 -9999 18288 -9999 -9999  250  185
30 -9999 19507 -9999 -9999  240  128
30 -9999 20116 -9999 -9999  225  154
30 -9999 20421 -9999 -9999  255  149
30 -9999 20726 -9999 -9999  235  128
30 -9999 21336 -9999 -9999  260  133
30 -9999 21640 -9999 -9999  270  128
30 -9999 22250 -9999 -9999  235   97
30 -9999 22555 -9999 -9999  250  113
30 -9999 22860 -9999 -9999  240  133
30 -9999 23164 -9999 -9999  245  169
30 -9999 23469 -9999 -9999  280   61
30 -9999 24384 -9999 -9999  235   20
30 -9999 25603 -9999 -9999  260   66
30 -9999 25908 -9999 -9999  295   56
30 -9999 26517 -9999 -9999    0    0
30 -9999 27432 -9999 -9999  185   41
30 -9999 28346 -9999 -9999  200  102
