#7246920140101002300 117
21 83600B 1612   116B  200  355   30
20 83100 -9999   116B  200-9999-9999
20 70600 -9999    -9B  110-9999-9999
10 70000  3057B  -13B  110  280   72
20 68400 -9999   -21B  120-9999-9999
20 61000 -9999   -97B   80-9999-9999
20 60400 -9999  -101B  100-9999-9999
20 57600 -9999  -131B   90-9999-9999
20 55600 -9999  -133B  160-9999-9999
20 52500 -9999  -167B  160-9999-9999
10 50000  5650B -179B  220  295  108
20 49600 -9999  -181B  230-9999-9999
20 42000 -9999  -289B  170-9999-9999
10 40000  7270B -317B  170  275  164
20 34600 -9999  -407B  200-9999-9999
10 30000  9230B -491B  150  275  277
20 29800 -9999  -495B  150-9999-9999
20 28400 -9999  -521B  130-9999-9999
20 27700 -9999  -539B   60-9999-9999
20 27200 -9999  -537B   49-9999-9999
20 25500 -9999  -579B   50-9999-9999
10 25000 10400B -587B   60  290  324
20 23900 -9999  -609B   60-9999-9999
22 22500 -9999  -625B   70  295  329
20 21800 -9999  -605B   90-9999-9999
30 21700 -9999 -9999 -9999  295  334
20 20300 -9999  -609B  140-9999-9999
10 20000 11790B -607B  140  300  272
20 19200 -9999  -595B  160-9999-9999
20 18400 -9999  -607B  180-9999-9999
20 18000 -9999  -599B  190-9999-9999
20 16900 -9999  -617B  200-9999-9999
20 16100 -9999  -609B  220-9999-9999
20 15400 -9999  -625B  220-9999-9999
10 15000 13570B -629B  220  295  283
22 13700 -9999  -645B  220  290  252
20 12900 -9999  -629B  230-9999-9999
20 12300 -9999  -645B  230-9999-9999
20 11300 -9999  -611B  260-9999-9999
20 11000 -9999  -615B  260-9999-9999
20 10500 -9999  -587B  280-9999-9999
10 10000 16080B -607B  290  295  257
20  9450 -9999  -631B  290-9999-9999
20  8670 -9999  -607B  300-9999-9999
20  8640 -9999  -603B-9999-9999-9999
20  8030 -9999  -623B-9999-9999-9999
20  7430 -9999  -603B-9999-9999-9999
20  7010 -9999  -625B-9999-9999-9999
10  7000 18290B -625B-9999  265  236
20  6850 -9999  -615B-9999-9999-9999
20  6510 -9999  -641B-9999-9999-9999
20  5930 -9999  -645B-9999-9999-9999
20  5610 -9999  -627B-9999-9999-9999
20  5030 -9999  -649B-9999-9999-9999
10  5000 20350B -647B-9999  295  226
20  4800 -9999  -613B-9999-9999-9999
20  4740 -9999  -583B-9999-9999-9999
20  4590 -9999  -577B-9999-9999-9999
20  3830 -9999  -653B-9999-9999-9999
20  3659 -9999  -643B-9999-9999-9999
20  3030 -9999  -683B-9999-9999-9999
10  3000 23480B -681B-9999  290  308
20  2760 -9999  -681B-9999-9999-9999
20  2600 -9999  -645B-9999-9999-9999
20  2400 -9999  -639B-9999-9999-9999
20  2050 -9999  -663B-9999-9999-9999
10  2000 25950B -655B-9999  270  396
20  1660 -9999  -633B-9999-9999-9999
20  1550 -9999  -661B-9999-9999-9999
20  1430 -9999  -625B-9999-9999-9999
20  1330 -9999  -625B-9999-9999-9999
20  1240 -9999  -627B-9999-9999-9999
20  1140 -9999  -655B-9999-9999-9999
20  1090 -9999  -639B-9999-9999-9999
20  1060 -9999  -609B-9999-9999-9999
20  1010 -9999  -559B-9999-9999-9999
10  1000 30200B -555B-9999  260  592
20   950 -9999  -543B-9999-9999-9999
20   900 -9999  -549B  320  255  658
30 -9999  1828 -9999 -9999  300   66
30 -9999  2133 -9999 -9999  290   87
30 -9999  2438 -9999 -9999  295   82
30 -9999  2743 -9999 -9999  285   87
30 -9999  3657 -9999 -9999  240  108
30 -9999  4267 -9999 -9999  270  154
30 -9999  4572 -9999 -9999  270  185
30 -9999  4876 -9999 -9999  275  169
30 -9999  5791 -9999 -9999  295  108
30 -9999  6096 -9999 -9999  285  108
30 -9999  6400 -9999 -9999  285   97
30 -9999  7620 -9999 -9999  280  190
30 -9999  9144 -9999 -9999  280  272
30 -9999 11277 -9999 -9999  295  334
30 -9999 12192 -9999 -9999  295  231
30 -9999 12496 -9999 -9999  275  267
30 -9999 13716 -9999 -9999  300  272
30 -9999 14935 -9999 -9999  280  314
30 -9999 15240 -9999 -9999  275  267
30 -9999 16459 -9999 -9999  300  308
30 -9999 16764 -9999 -9999  300  211
30 -9999 17678 -9999 -9999  290  159
30 -9999 17983 -9999 -9999  260  200
30 -9999 18288 -9999 -9999  265  241
30 -9999 19202 -9999 -9999  300  216
30 -9999 20421 -9999 -9999  290  241
30 -9999 21336 -9999 -9999  315  185
30 -9999 21945 -9999 -9999  275  128
30 -9999 22250 -9999 -9999  280   92
30 -9999 23469 -9999 -9999  290  308
30 -9999 24384 -9999 -9999  290  329
30 -9999 24993 -9999 -9999  270  293
30 -9999 26822 -9999 -9999  270  453
30 -9999 27432 -9999 -9999  270  396
30 -9999 27736 -9999 -9999  265  380
30 -9999 29870 -9999 -9999  260  525
30 -9999 30480 -9999 -9999  260  628
30 -9999 30784 -9999 -9999  255  658
