#7246920140405121105 114
21 83300B 1612    24B   70  240   30
20 82500 -9999    44B  120-9999-9999
20 81500 -9999    64B  170-9999-9999
20 78900 -9999    50B  170-9999-9999
10 70000  3017B  -33B  120  290   61
20 65900 -9999   -75B   90-9999-9999
20 60100 -9999  -125B  100-9999-9999
20 55800 -9999  -173B   80-9999-9999
20 53400 -9999  -195B   70-9999-9999
10 50000  5580B -231B   80  260  164
20 48600 -9999  -241B   80-9999-9999
20 46600 -9999  -269B   70-9999-9999
20 43000 -9999  -305B   60-9999-9999
10 40000  7170B -349B   50  230  200
20 37000 -9999  -397B   39-9999-9999
10 30000  9110B -515B   60  250  236
20 29900 -9999  -517B   50-9999-9999
20 27200 -9999  -565B   60-9999-9999
22 26000 -9999  -579B   60  240  231
10 25000 10270B -573B   70  240  272
20 24300 -9999  -571B   80-9999-9999
20 20800 -9999  -595B   90-9999-9999
10 20000 11670B -587B  100  245  293
20 18600 -9999  -569B  110-9999-9999
20 17800 -9999  -583B  110-9999-9999
20 17100 -9999  -575B  120-9999-9999
20 15700 -9999  -595B  120-9999-9999
10 15000 13490B -579B  130  260  293
20 14900 -9999  -577B  130-9999-9999
20 14100 -9999  -583B  130-9999-9999
20 13700 -9999  -567B  140-9999-9999
30 13000 -9999 -9999 -9999  265  319
20 12600 -9999  -571B  150-9999-9999
20 12500 -9999  -561B  160-9999-9999
20 11700 -9999  -553B  170-9999-9999
20 10700 -9999  -569B  180-9999-9999
20 10100 -9999  -569B  180-9999-9999
10 10000 16050B -561B  190  255  190
22  8480 -9999  -605B  190  260  164
10  7000 18280B -605B  210  260  200
20  6590 -9999  -605B  210-9999-9999
20  6400 -9999  -569B  230-9999-9999
20  5600 -9999  -549B  250-9999-9999
20  5330 -9999  -509B  280-9999-9999
10  5000 20430B -539B  280  220  128
20  4760 -9999  -569B  270-9999-9999
20  4150 -9999  -543B  320-9999-9999
20  3859 -9999  -565B  310-9999-9999
20  3570 -9999  -561B  320-9999-9999
20  3520 -9999  -545B  330-9999-9999
20  3280 -9999  -539B  330-9999-9999
10  3000 23690B -543B  330  240   87
20  2650 -9999  -553B  320-9999-9999
20  2420 -9999  -587B  310-9999-9999
20  2290 -9999  -533B  330-9999-9999
20  2180 -9999  -531B  330-9999-9999
10  2000 26270B -571B  320  245   77
20  1979 -9999  -573B  320-9999-9999
20  1800 -9999  -575B  320-9999-9999
20  1650 -9999  -539B  330-9999-9999
20  1550 -9999  -559B  320-9999-9999
20  1500 -9999  -529B  330-9999-9999
20  1330 -9999  -551B  320-9999-9999
20  1200 -9999  -503B  340-9999-9999
20  1080 -9999  -519B  330-9999-9999
10  1000 30720B -509B  340  190  118
20   960 -9999  -507B  340-9999-9999
20   939 -9999  -493B  340-9999-9999
20   910 -9999  -447B  350-9999-9999
20   860 -9999  -453B  350-9999-9999
30 -9999  1828 -9999 -9999  275   51
30 -9999  2133 -9999 -9999  300  108
30 -9999  2438 -9999 -9999  300   87
30 -9999  2743 -9999 -9999  300   61
30 -9999  3048 -9999 -9999  295   61
30 -9999  3352 -9999 -9999  265   66
30 -9999  3657 -9999 -9999  270   92
30 -9999  4267 -9999 -9999  285  118
30 -9999  4876 -9999 -9999  260  159
30 -9999  6096 -9999 -9999  240  175
30 -9999  7620 -9999 -9999  230  211
30 -9999  7924 -9999 -9999  240  226
30 -9999  9144 -9999 -9999  250  236
30 -9999 14325 -9999 -9999  265  319
30 -9999 15240 -9999 -9999  255  257
30 -9999 17373 -9999 -9999  260  133
30 -9999 18288 -9999 -9999  265  205
30 -9999 18897 -9999 -9999  240  236
30 -9999 19507 -9999 -9999  250  272
30 -9999 19812 -9999 -9999  265  149
30 -9999 20116 -9999 -9999  250  102
30 -9999 20726 -9999 -9999  210  154
30 -9999 21336 -9999 -9999  255  133
30 -9999 21640 -9999 -9999  240   97
30 -9999 22555 -9999 -9999  235  164
30 -9999 22860 -9999 -9999  265  175
30 -9999 23164 -9999 -9999  270  123
30 -9999 23469 -9999 -9999  225   82
30 -9999 23774 -9999 -9999  265  102
30 -9999 24079 -9999 -9999  250  102
30 -9999 24384 -9999 -9999  255  118
30 -9999 25298 -9999 -9999  255  128
30 -9999 25908 -9999 -9999  220   92
30 -9999 26517 -9999 -9999  255   66
30 -9999 26822 -9999 -9999  260   92
30 -9999 27127 -9999 -9999  290  102
30 -9999 27432 -9999 -9999    0    0
30 -9999 28041 -9999 -9999  225   51
30 -9999 28651 -9999 -9999   40   10
30 -9999 29260 -9999 -9999  140   82
30 -9999 29565 -9999 -9999  155  144
30 -9999 30175 -9999 -9999  205  108
30 -9999 30480 -9999 -9999  190   87
30 -9999 31699 -9999 -9999  245  164
