#7256220140405002305 110
21 91800B  847   124B  180  205   20
20 91100 -9999   108B  200-9999-9999
20 85100 -9999    56B  170-9999-9999
10 85000  1481B   54B  170  220   46
20 73500 -9999   -57B   80-9999-9999
20 70800 -9999   -75B  110-9999-9999
10 70000  3024B  -73B  150  295   97
20 68900 -9999   -71B  220-9999-9999
20 65400 -9999  -101B  220-9999-9999
20 61900 -9999  -117B  240-9999-9999
20 56800 -9999  -165B  210-9999-9999
20 53100 -9999  -197B  290-9999-9999
20 51500 -9999  -205B  250-9999-9999
10 50000  5570B -225B  210  280  164
20 48200 -9999  -245B  160-9999-9999
20 46000 -9999  -269B  210-9999-9999
20 44900 -9999  -283B  180-9999-9999
20 42900 -9999  -297B   90-9999-9999
10 40000  7180B -333B   80  270  226
20 38800 -9999  -347B   90-9999-9999
10 30000  9130B -493B   90  270  319
20 27200 -9999  -549B   90-9999-9999
10 25000 10300B -577B  100  265  370
20 24500 -9999  -587B  100-9999-9999
22 23500 -9999  -599B   90  265  365
20 22300 -9999  -597B  100-9999-9999
20 21300 -9999  -607B  100-9999-9999
20 20300 -9999  -585B  110  270  380
10 20000 11700B -587B  110  270  375
20 18100 -9999  -587B  120-9999-9999
20 17600 -9999  -569B  130-9999-9999
20 17200 -9999  -573B  130-9999-9999
20 16600 -9999  -563B  130-9999-9999
20 16300 -9999  -571B  130-9999-9999
20 15600 -9999  -565B  140-9999-9999
10 15000 13510B -575B  130  265  355
20 13800 -9999  -587B  140-9999-9999
20 13500 -9999  -575B  140-9999-9999
20 13000 -9999  -573B  150-9999-9999
20 11800 -9999  -583B  150-9999-9999
20 11400 -9999  -577B  160-9999-9999
20 11100 -9999  -587B  150-9999-9999
20 10700 -9999  -583B  160-9999-9999
20 10200 -9999  -595B  160-9999-9999
10 10000 16070B -589B  160  255  267
20  8320 -9999  -585B  170-9999-9999
20  7580 -9999  -565B  190-9999-9999
10  7000 18310B -577B  180  255  180
20  6890 -9999  -581B  190-9999-9999
20  6660 -9999  -569B  200-9999-9999
20  6090 -9999  -583B  200-9999-9999
20  6000 -9999  -567B  210-9999-9999
20  5600 -9999  -577B  210-9999-9999
20  5480 -9999  -561B  220-9999-9999
20  5170 -9999  -575B  210-9999-9999
10  5000 20440B -567B  210  240  154
20  4260 -9999  -537B  250-9999-9999
20  4110 -9999  -513B  270-9999-9999
20  3670 -9999  -553B  260-9999-9999
20  3490 -9999  -541B  270-9999-9999
20  3380 -9999  -555B  270-9999-9999
10  3000 23710B -559B  280  180   10
20  2830 -9999  -561B  290-9999-9999
20  2440 -9999  -531B  310-9999-9999
20  2310 -9999  -549B  290-9999-9999
10  2000 26310B -545B  310   50   15
20  1790 -9999  -551B  310-9999-9999
20  1729 -9999  -533B  310-9999-9999
20  1390 -9999  -513B  320-9999-9999
20  1300 -9999  -481B  340-9999-9999
20  1070 -9999  -501B  340-9999-9999
20  1020 -9999  -481B  340-9999-9999
10  1000 30810B -487B  340  270   20
20   930 -9999  -489B  340-9999-9999
20   780 -9999  -445B  360-9999-9999
30 -9999  1219 -9999 -9999  235   51
30 -9999  1828 -9999 -9999  240   46
30 -9999  2133 -9999 -9999  240   56
30 -9999  2438 -9999 -9999  245   61
30 -9999  2743 -9999 -9999  245   61
30 -9999  3048 -9999 -9999  300  102
30 -9999  3657 -9999 -9999  280   92
30 -9999  3962 -9999 -9999  270  123
30 -9999  4267 -9999 -9999  275  118
30 -9999  4876 -9999 -9999  290  149
30 -9999  6096 -9999 -9999  270  159
30 -9999  6400 -9999 -9999  265  195
30 -9999  7620 -9999 -9999  270  236
30 -9999  9144 -9999 -9999  270  319
30 -9999 11582 -9999 -9999  270  380
30 -9999 15240 -9999 -9999  255  267
30 -9999 17373 -9999 -9999  250  262
30 -9999 18288 -9999 -9999  255  175
30 -9999 18592 -9999 -9999  260  185
30 -9999 19202 -9999 -9999  230  144
30 -9999 19507 -9999 -9999  235  128
30 -9999 20116 -9999 -9999  210  169
30 -9999 20726 -9999 -9999  255  180
30 -9999 21031 -9999 -9999  250  138
30 -9999 21336 -9999 -9999  275  102
30 -9999 21640 -9999 -9999  265   66
30 -9999 21945 -9999 -9999  215   77
30 -9999 23164 -9999 -9999  245   15
30 -9999 24384 -9999 -9999  285   82
30 -9999 24688 -9999 -9999  320   51
30 -9999 24993 -9999 -9999  320   66
30 -9999 26212 -9999 -9999   55   15
30 -9999 27432 -9999 -9999   75   25
30 -9999 30480 -9999 -9999    5   10
30 -9999 32308 -9999 -9999  310   15
