#7255820140405121118 139
21 97800B  350   -15B   10  195   30
20 93200 -9999    12B   49-9999-9999
10 92500   802B   12B   49  205  113
20 90500 -9999     8B   70-9999-9999
20 89600 -9999     6B   44-9999-9999
20 88600 -9999    18B   70-9999-9999
20 86100 -9999    10B  120-9999-9999
10 85000  1482B   12B  140  320   25
20 83700 -9999    24B  190-9999-9999
20 83100 -9999    26B  150-9999-9999
20 80800 -9999    24B  260-9999-9999
20 71200 -9999   -59B  230-9999-9999
10 70000  3029B  -71B  200  300  102
20 67300 -9999   -97B  170-9999-9999
20 62200 -9999  -139B  160-9999-9999
20 60600 -9999  -143B  200-9999-9999
20 55300 -9999  -183B  240-9999-9999
20 53200 -9999  -201B  200-9999-9999
10 50000  5570B -241B  210  280  133
20 49900 -9999  -241B  210-9999-9999
20 49300 -9999  -243B  210-9999-9999
20 48800 -9999  -247B  120-9999-9999
20 48200 -9999  -255B  210-9999-9999
20 47400 -9999  -263B  150-9999-9999
20 47000 -9999  -267B  170-9999-9999
20 46300 -9999  -273B   60-9999-9999
20 46100 -9999  -277B   45-9999-9999
20 45400 -9999  -281B   90-9999-9999
20 44500 -9999  -289B   80-9999-9999
20 43700 -9999  -295B   90-9999-9999
20 40100 -9999  -335B   80-9999-9999
10 40000  7160B -337B   80  270  221
20 37300 -9999  -377B   60-9999-9999
20 31900 -9999  -469B   60-9999-9999
20 30700 -9999  -487B   80-9999-9999
10 30000  9110B -501B   60  260  262
20 28800 -9999  -523B   35-9999-9999
20 28100 -9999  -535B   43-9999-9999
20 27100 -9999  -555B   90-9999-9999
10 25000 10280B -597B   80  260  298
20 24900 -9999  -599B   80-9999-9999
20 24500 -9999  -595B   90-9999-9999
22 23200 -9999  -609B  110  260  334
20 22700 -9999  -599B  130-9999-9999
30 22500 -9999 -9999 -9999  265  386
20 20700 -9999  -599B  220-9999-9999
20 20500 -9999  -593B  230-9999-9999
10 20000 11670B -597B  260  270  355
20 19900 -9999  -599B  260-9999-9999
20 19500 -9999  -583B  290-9999-9999
20 19200 -9999  -589B  310-9999-9999
20 18200 -9999  -567B  320-9999-9999
20 16900 -9999  -559B  320-9999-9999
20 15700 -9999  -575B  320-9999-9999
10 15000 13490B -571B  320  260  334
20 14500 -9999  -571B  320-9999-9999
20 13900 -9999  -583B  310-9999-9999
20 13700 -9999  -579B  320-9999-9999
20 13200 -9999  -593B  310-9999-9999
20 12600 -9999  -579B  320-9999-9999
20 11700 -9999  -599B  310-9999-9999
20 11400 -9999  -593B  310-9999-9999
20 11100 -9999  -599B  310-9999-9999
20 10800 -9999  -593B  310-9999-9999
20 10500 -9999  -599B  310-9999-9999
20 10200 -9999  -583B  310-9999-9999
10 10000 16030B -589B  310  250  252
20  9610 -9999  -597B  310-9999-9999
20  8060 -9999  -565B  320-9999-9999
20  7519 -9999  -569B  320-9999-9999
20  7219 -9999  -553B  320-9999-9999
10  7000 18280B -561B  320  240  149
20  6510 -9999  -573B  320-9999-9999
20  5950 -9999  -543B  330-9999-9999
20  5290 -9999  -555B  320-9999-9999
20  5080 -9999  -575B  320-9999-9999
10  5000 20420B -565B  320  235  113
20  4980 -9999  -565B  320-9999-9999
20  4470 -9999  -575B  320-9999-9999
20  4000 -9999  -535B  330-9999-9999
20  3720 -9999  -565B  320-9999-9999
20  3400 -9999  -553B  320-9999-9999
10  3000 23670B -579B  320  225   30
20  2970 -9999  -581B  320-9999-9999
20  2770 -9999  -555B  320-9999-9999
20  2350 -9999  -539B  330-9999-9999
20  2050 -9999  -555B  320-9999-9999
10  2000 26260B -553B  320  330   46
20  1590 -9999  -533B  330-9999-9999
20  1400 -9999  -537B  330-9999-9999
20  1160 -9999  -473B  350-9999-9999
20  1040 -9999  -503B  340-9999-9999
10  1000 30740B -491B  340  340   20
20   970 -9999  -477B  350-9999-9999
20   920 -9999  -483B  340-9999-9999
20   889 -9999  -461A  350-9999-9999
20   850 -9999  -477A  350-9999-9999
20   790 -9999  -459A  350-9999-9999
30 -9999   609 -9999 -9999  185  133
30 -9999   914 -9999 -9999  205  113
30 -9999  1219 -9999 -9999  235   30
30 -9999  1524 -9999 -9999  275   10
30 -9999  1828 -9999 -9999  305   92
30 -9999  2133 -9999 -9999  295   82
30 -9999  2438 -9999 -9999  295  108
30 -9999  2743 -9999 -9999  295  118
30 -9999  3657 -9999 -9999  300   92
30 -9999  3962 -9999 -9999  320   77
30 -9999  4267 -9999 -9999  315   82
30 -9999  4572 -9999 -9999  295   92
30 -9999  4876 -9999 -9999  280  118
30 -9999  5181 -9999 -9999  275  113
30 -9999  6096 -9999 -9999  275  164
30 -9999  7620 -9999 -9999  265  216
30 -9999  9144 -9999 -9999  260  267
30 -9999 10668 -9999 -9999  260  314
30 -9999 10972 -9999 -9999  265  386
30 -9999 14935 -9999 -9999  265  308
30 -9999 15240 -9999 -9999  260  277
30 -9999 17068 -9999 -9999  255  267
30 -9999 17678 -9999 -9999  250  144
30 -9999 17983 -9999 -9999  255  164
30 -9999 18288 -9999 -9999  240  149
30 -9999 19507 -9999 -9999  275  169
30 -9999 19812 -9999 -9999  280   82
30 -9999 20116 -9999 -9999  220   66
30 -9999 20726 -9999 -9999  230  118
30 -9999 21031 -9999 -9999  245  169
30 -9999 21336 -9999 -9999  255  149
30 -9999 22250 -9999 -9999  255    5
30 -9999 22860 -9999 -9999  230   87
30 -9999 23164 -9999 -9999  275   10
30 -9999 24384 -9999 -9999  200   20
30 -9999 24993 -9999 -9999  260   15
30 -9999 25298 -9999 -9999  335   82
30 -9999 26517 -9999 -9999    0   10
30 -9999 27432 -9999 -9999  120   41
30 -9999 30480 -9999 -9999   10   30
30 -9999 32308 -9999 -9999  305   30
