#7256220140101002316 120
21 91700B  847    66B  110   65   20
20 91200 -9999    76B  120-9999-9999
20 90500 -9999    76B  120-9999-9999
20 87500 -9999    64B  120-9999-9999
10 85000  1470B   46B  100  250   15
20 82300 -9999    28B   90-9999-9999
20 78000 -9999    -3B   50-9999-9999
20 72900 -9999   -29B   70-9999-9999
10 70000  3024B  -51B   60  305  128
20 66100 -9999   -89B   33-9999-9999
20 57200 -9999  -161B   17-9999-9999
20 53600 -9999  -169B   70-9999-9999
20 51100 -9999  -197B   70-9999-9999
20 50400 -9999  -193B  170-9999-9999
10 50000  5580B -195B  190  280  231
20 49100 -9999  -203B  190-9999-9999
20 48500 -9999  -205B  130-9999-9999
20 48100 -9999  -209B  100-9999-9999
20 45800 -9999  -243B   80-9999-9999
20 45200 -9999  -245B  100-9999-9999
20 43200 -9999  -271B  120-9999-9999
10 40000  7200B -323B   90  290  241
20 38600 -9999  -347B   80-9999-9999
20 36800 -9999  -375B   60-9999-9999
20 33500 -9999  -435B   49-9999-9999
20 30700 -9999  -481B   40-9999-9999
10 30000  9160B -493B   50  300  329
20 26600 -9999  -563B   90-9999-9999
10 25000 10320B -599B  100  305  344
20 22800 -9999  -641B   90-9999-9999
22 21600 -9999  -655B   70  305  355
20 20800 -9999  -649B   80-9999-9999
20 20500 -9999  -629B   90-9999-9999
10 20000 11690B -627B  100  300  329
20 19700 -9999  -625B  100-9999-9999
20 18400 -9999  -641B  110-9999-9999
20 17900 -9999  -609B  130-9999-9999
20 17200 -9999  -597B  160-9999-9999
20 16900 -9999  -581B  180-9999-9999
30 16000 -9999 -9999 -9999  275  375
20 15900 -9999  -599B  210-9999-9999
20 15600 -9999  -591B  220-9999-9999
10 15000 13480B -591B  230  285  288
20 13600 -9999  -597B  250-9999-9999
20 12900 -9999  -611B  240-9999-9999
20 12000 -9999  -603B  240-9999-9999
20 11500 -9999  -621B  230-9999-9999
20 11300 -9999  -611B  240-9999-9999
20 10600 -9999  -601B  250-9999-9999
20 10300 -9999  -611B  250-9999-9999
10 10000 16010B -609B  250  290  252
20  8780 -9999  -625B  250-9999-9999
20  8200 -9999  -573B  280-9999-9999
20  7060 -9999  -613B  280-9999-9999
10  7000 18230B -609B  270  285  277
20  6410 -9999  -605B  280-9999-9999
20  6140 -9999  -617B  270-9999-9999
20  6010 -9999  -605B  280-9999-9999
20  5700 -9999  -621B  270-9999-9999
20  5240 -9999  -591B  290-9999-9999
10  5000 20320B -609B  280  280  252
20  4560 -9999  -653B  260-9999-9999
20  4300 -9999  -663B  250-9999-9999
20  4040 -9999  -663B  250-9999-9999
20  3850 -9999  -629B  280-9999-9999
20  3730 -9999  -639B  270-9999-9999
20  3620 -9999  -625B  280-9999-9999
20  3050 -9999  -669B  250-9999-9999
10  3000 23440B -665B  250  275  319
20  2760 -9999  -649B  270-9999-9999
20  2570 -9999  -685B  240-9999-9999
20  2520 -9999  -665B  250-9999-9999
20  2020 -9999  -659B  260-9999-9999
10  2000 25900B -651B  270  265  437
20  1979 -9999  -641B  270-9999-9999
20  1810 -9999  -661B  260-9999-9999
20  1640 -9999  -649B  270-9999-9999
20  1390 -9999  -675B  260-9999-9999
20  1320 -9999  -639B  280-9999-9999
20  1150 -9999  -621B  300-9999-9999
20  1110 -9999  -585B  310-9999-9999
20  1040 -9999  -589B  310-9999-9999
20  1010 -9999  -575B  320-9999-9999
10  1000 30150B -541B  330  250  674
20   989 -9999  -535B  330-9999-9999
30   960 -9999 -9999 -9999  250  710
20   900 -9999  -541B  330-9999-9999
30 -9999  1219 -9999 -9999  110   15
30 -9999  1828 -9999 -9999  295   72
30 -9999  2133 -9999 -9999  310  108
30 -9999  2438 -9999 -9999  315  128
30 -9999  2743 -9999 -9999  315  128
30 -9999  3657 -9999 -9999  290  159
30 -9999  4267 -9999 -9999  290  205
30 -9999  4876 -9999 -9999  280  231
30 -9999  5181 -9999 -9999  280  241
30 -9999  6096 -9999 -9999  275  257
30 -9999  7620 -9999 -9999  295  236
30 -9999  9144 -9999 -9999  300  329
30 -9999 10972 -9999 -9999  300  370
30 -9999 12192 -9999 -9999  290  314
30 -9999 12496 -9999 -9999  275  355
30 -9999 12801 -9999 -9999  280  303
30 -9999 13106 -9999 -9999  275  375
30 -9999 13411 -9999 -9999  285  277
30 -9999 14630 -9999 -9999  270  319
30 -9999 15240 -9999 -9999  300  360
30 -9999 15544 -9999 -9999  300  257
30 -9999 18288 -9999 -9999  285  283
30 -9999 21336 -9999 -9999  295  283
30 -9999 22250 -9999 -9999  285  267
30 -9999 24384 -9999 -9999  285  350
30 -9999 25298 -9999 -9999  260  406
30 -9999 26212 -9999 -9999  260  427
30 -9999 26822 -9999 -9999  270  514
30 -9999 27432 -9999 -9999  265  458
30 -9999 27736 -9999 -9999  260  468
30 -9999 29870 -9999 -9999  260  592
30 -9999 30480 -9999 -9999  250  710
30 -9999 30784 -9999 -9999  255  684
