#7255820140405002305 115
21 97700B  350    60B   80  340   51
20 97400B-9999    54B  100-9999-9999
20 96500 -9999    42B   90-9999-9999
20 92800 -9999    12B   60-9999-9999
10 92500   798B   10B   60  315   61
20 85900 -9999   -47B   16-9999-9999
10 85000  1470B  -51B   23  320   56
20 84200 -9999   -55B   29-9999-9999
20 83600 -9999   -51B   40-9999-9999
20 82800 -9999   -31B  100-9999-9999
20 81800 -9999   -27B  160-9999-9999
20 77000 -9999   -59B  200-9999-9999
20 76400 -9999   -55B  410-9999-9999
20 75300 -9999   -43B  490-9999-9999
20 73900 -9999   -41B  490-9999-9999
20 70500 -9999   -57B  300-9999-9999
10 70000  2997B  -59B  320  320  164
20 65500 -9999   -75B  480-9999-9999
20 50300 -9999  -229B  420-9999-9999
10 50000  5550B -229B  410  300  185
20 46400 -9999  -259B  360-9999-9999
20 45200 -9999  -271B  170-9999-9999
20 43600 -9999  -287B  150-9999-9999
20 41000 -9999  -315B  170-9999-9999
10 40000  7160B -329B  200  290  262
20 38400 -9999  -355B  160-9999-9999
20 37100 -9999  -373B  210-9999-9999
20 35600 -9999  -399B  170-9999-9999
20 32600 -9999  -443B  180-9999-9999
10 30000  9110B -489B  130  280  365
20 29500 -9999  -499B  110-9999-9999
20 28200 -9999  -525B  120-9999-9999
20 27600 -9999  -535B   80-9999-9999
20 27000 -9999  -549B  100-9999-9999
20 25900 -9999  -569B   80-9999-9999
20 25400 -9999  -559B  130-9999-9999
10 25000 10280B -565B  190  275  350
20 24400 -9999  -571B  260-9999-9999
22 22200 -9999  -593B  230  275  334
20 21100 -9999  -577B  310-9999-9999
20 20200 -9999  -567B-9999-9999-9999
10 20000 11690B -569B-9999  270  370
30 19600 -9999 -9999 -9999  275  386
20 19000 -9999  -569B-9999-9999-9999
20 17100 -9999  -549B-9999-9999-9999
10 15000 13520B -567B-9999  270  329
20 14800 -9999  -571B-9999-9999-9999
20 13000 -9999  -577B-9999-9999-9999
20 12900 -9999  -569B-9999-9999-9999
20 12300 -9999  -565B-9999-9999-9999
20 11200 -9999  -569B-9999-9999-9999
20 10700 -9999  -583B-9999-9999-9999
10 10000 16080B -583B-9999  260  262
20  8900 -9999  -597B-9999-9999-9999
20  8019 -9999  -573B-9999-9999-9999
20  7580 -9999  -589B-9999-9999-9999
20  7019 -9999  -575B-9999-9999-9999
10  7000 18320B -575B-9999  260  133
20  6300 -9999  -605B-9999-9999-9999
20  6050 -9999  -573B-9999-9999-9999
20  5800 -9999  -587B-9999-9999-9999
20  5560 -9999  -561B-9999-9999-9999
20  5340 -9999  -567B-9999-9999-9999
10  5000 20450B -539B-9999  255   56
20  4940 -9999  -537B-9999-9999-9999
20  4610 -9999  -565B-9999-9999-9999
20  4400 -9999  -545B-9999-9999-9999
20  4090 -9999  -569B-9999-9999-9999
20  3909 -9999  -557B-9999-9999-9999
20  3720 -9999  -573B-9999-9999-9999
10  3000 23700B -551B-9999  300   46
20  2850 -9999  -549B-9999-9999-9999
20  2330 -9999  -577B-9999-9999-9999
10  2000 26270B -545B-9999   60   41
20  1690 -9999  -515B-9999-9999-9999
20  1440 -9999  -525B-9999-9999-9999
20  1170 -9999  -473B-9999-9999-9999
20  1050 -9999  -501B-9999-9999-9999
10  1000 30780B -487B-9999  285   36
20   980 -9999  -493B-9999-9999-9999
20   950 -9999  -471B-9999-9999-9999
20   920 -9999  -467B-9999-9999-9999
20   880 -9999  -437A-9999-9999-9999
20   820 -9999  -445A  360-9999-9999
30 -9999   609 -9999 -9999  335   66
30 -9999   914 -9999 -9999  310   61
30 -9999  1219 -9999 -9999  330   56
30 -9999  1828 -9999 -9999  330  118
30 -9999  2133 -9999 -9999  325  123
30 -9999  2438 -9999 -9999  320  144
30 -9999  2743 -9999 -9999  325  164
30 -9999  3657 -9999 -9999  315  164
30 -9999  4267 -9999 -9999  315  169
30 -9999  4876 -9999 -9999  310  164
30 -9999  5791 -9999 -9999  300  190
30 -9999  6096 -9999 -9999  295  226
30 -9999  7620 -9999 -9999  285  277
30 -9999  9144 -9999 -9999  280  365
30 -9999 10668 -9999 -9999  275  324
30 -9999 11887 -9999 -9999  275  386
30 -9999 15240 -9999 -9999  265  252
30 -9999 16764 -9999 -9999  250  200
30 -9999 17068 -9999 -9999  240  231
30 -9999 17678 -9999 -9999  260  252
30 -9999 17983 -9999 -9999  270  190
30 -9999 18288 -9999 -9999  250  123
30 -9999 18592 -9999 -9999  230  149
30 -9999 18897 -9999 -9999  240  195
30 -9999 20116 -9999 -9999  245  164
30 -9999 20726 -9999 -9999  220   20
30 -9999 21336 -9999 -9999  235   41
30 -9999 24384 -9999 -9999  355   36
30 -9999 27432 -9999 -9999  165   56
30 -9999 30480 -9999 -9999  325   46
30 -9999 32004 -9999 -9999   80   25
