#7256220140101121119 116
21 91800B  847   -67B   30   85   51
20 91300 -9999   -75B   37-9999-9999
20 88900 -9999   -93B   21-9999-9999
20 87500 -9999   -87B   18-9999-9999
20 86800 -9999   -67B   10-9999-9999
20 86100 -9999   -25B    8-9999-9999
20 85100 -9999    -3B    5-9999-9999
10 85000  1448B   -3B    5  285   92
20 84300 -9999     8B    3-9999-9999
20 83000 -9999    10B    0-9999-9999
20 81700 -9999     4B   14-9999-9999
20 78900 -9999   -15B   18-9999-9999
20 71500 -9999   -67B    1-9999-9999
10 70000  2989B  -73B    2  270  128
20 65100 -9999  -101B    7-9999-9999
20 64100 -9999  -115B    5-9999-9999
20 59900 -9999  -147B   21-9999-9999
20 57500 -9999  -169B   11-9999-9999
20 55500 -9999  -185B   21-9999-9999
20 50500 -9999  -241B   12-9999-9999
10 50000  5530B -247B   22  270  200
20 49000 -9999  -257B   32-9999-9999
20 45700 -9999  -297B   27-9999-9999
20 43500 -9999  -317B   19-9999-9999
10 40000  7120B -353B   30  260  241
20 39800 -9999  -353B   30-9999-9999
20 35400 -9999  -429B   32-9999-9999
20 34300 -9999  -443B   45-9999-9999
20 31800 -9999  -473B   41-9999-9999
10 30000  9050B -509B   44  240  344
30 26300 -9999 -9999 -9999  240  422
22 25900 -9999  -585B   48  240  416
10 25000 10210B -587B   80  245  386
20 24900 -9999  -587B   80-9999-9999
20 24300 -9999  -571B  120-9999-9999
20 23900 -9999  -573B  140-9999-9999
20 23700 -9999  -565B  150-9999-9999
20 22800 -9999  -575B  170-9999-9999
20 20900 -9999  -559B  190-9999-9999
20 20600 -9999  -563B  190-9999-9999
10 20000 11630B -561B  200  265  314
20 19800 -9999  -557B  200-9999-9999
20 18800 -9999  -567B  190-9999-9999
20 18600 -9999  -555B  200-9999-9999
20 17900 -9999  -555B  180-9999-9999
20 17700 -9999  -545B  190-9999-9999
20 15800 -9999  -565B  190-9999-9999
10 15000 13460B -561B  200  275  277
20 14600 -9999  -561B  200-9999-9999
20 13100 -9999  -585B  190-9999-9999
20 13000 -9999  -573B  190-9999-9999
20 12800 -9999  -571B  190-9999-9999
20 11700 -9999  -573B  180-9999-9999
20 11200 -9999  -595B  190-9999-9999
20 10800 -9999  -597B  190-9999-9999
20 10500 -9999  -595B  180-9999-9999
10 10000 16010B -581B  180  290  252
20  8360 -9999  -611B  180-9999-9999
20  7119 -9999  -607B  180-9999-9999
10  7000 18240B -611B  180  290  236
20  5930 -9999  -657B  170-9999-9999
20  5610 -9999  -643B  170-9999-9999
10  5000 20300B -655B  170  300  241
20  4470 -9999  -659B  170-9999-9999
20  4009 -9999  -645B  170-9999-9999
20  3160 -9999  -699B  150-9999-9999
10  3000 23390B -689B  150  285  314
20  2920 -9999  -689B  160-9999-9999
20  2630 -9999  -709B  150-9999-9999
20  2400 -9999  -657B  180-9999-9999
20  2250 -9999  -641B  170-9999-9999
10  2000 25830B -673B  150  260  355
20  1950 -9999  -679B  140-9999-9999
20  1820 -9999  -673B  150-9999-9999
20  1660 -9999  -691B  150-9999-9999
20  1490 -9999  -641B  170-9999-9999
20  1420 -9999  -653B  160-9999-9999
20  1370 -9999  -627B  180-9999-9999
20  1330 -9999  -623B  170  265  514
30 -9999  1219 -9999 -9999   65   51
30 -9999  1828 -9999 -9999  280  102
30 -9999  2133 -9999 -9999  260   82
30 -9999  2438 -9999 -9999  265  102
30 -9999  2743 -9999 -9999  285  108
30 -9999  3657 -9999 -9999  260  154
30 -9999  4267 -9999 -9999  280  169
30 -9999  4572 -9999 -9999  280  164
30 -9999  4876 -9999 -9999  280  185
30 -9999  5486 -9999 -9999  270  205
30 -9999  5791 -9999 -9999  280  180
30 -9999  6096 -9999 -9999  280  185
30 -9999  7620 -9999 -9999  260  231
30 -9999  9144 -9999 -9999  240  350
30 -9999 10058 -9999 -9999  240  422
30 -9999 11277 -9999 -9999  270  298
30 -9999 11887 -9999 -9999  270  355
30 -9999 13411 -9999 -9999  275  277
30 -9999 14325 -9999 -9999  285  344
30 -9999 15240 -9999 -9999  290  267
30 -9999 16459 -9999 -9999  280  216
30 -9999 17068 -9999 -9999  270  226
30 -9999 17678 -9999 -9999  290  298
30 -9999 18288 -9999 -9999  290  226
30 -9999 18592 -9999 -9999  285  221
30 -9999 19812 -9999 -9999  305  314
30 -9999 21031 -9999 -9999  290  221
30 -9999 21336 -9999 -9999  290  247
30 -9999 21945 -9999 -9999  290  293
30 -9999 22555 -9999 -9999  290  241
30 -9999 24079 -9999 -9999  290  365
30 -9999 24384 -9999 -9999  295  360
30 -9999 24688 -9999 -9999  300  355
30 -9999 25603 -9999 -9999  260  355
30 -9999 25908 -9999 -9999  265  344
30 -9999 27432 -9999 -9999  255  463
30 -9999 28041 -9999 -9999  265  514
