#7251820140101121145  37
21101500B   93   -95B   41    0    0
20101100B-9999   -81B   41-9999-9999
10100000   210B  -89B   40  300   15
20 94200 -9999  -125B   36-9999-9999
10 92500   809B -135B   29  285   97
20 90500 -9999  -149B   20-9999-9999
20 88300 -9999  -163B   11-9999-9999
20 86000 -9999  -175B   20-9999-9999
10 85000  1446B -181B   15  295  159
20 83100 -9999  -195B    5-9999-9999
20 79900 -9999  -215B    4-9999-9999
20 78400 -9999  -203B   80-9999-9999
20 77900 -9999  -187B  180-9999-9999
20 77500 -9999  -175B  260-9999-9999
20 76700 -9999  -165B  370-9999-9999
20 74400 -9999  -173B  330-9999-9999
20 72800 -9999  -163B  440-9999-9999
10 70000  2895B -165B  370  285  339
20 69700 -9999  -165B  380-9999-9999
20 65600 -9999  -175B  400-9999-9999
20 63400 -9999  -187B  370-9999-9999
20 61900 -9999  -199B  210-9999-9999
20 61100 -9999  -203B  120-9999-9999
20 58300 -9999  -227B   90-9999-9999
20 54400 -9999  -253B   90-9999-9999
20 51700 -9999  -271B  150-9999-9999
20 50900 -9999  -279B  150-9999-9999
30 -9999   304 -9999 -9999  285   25
30 -9999   609 -9999 -9999  280   77
30 -9999   914 -9999 -9999  285  108
30 -9999  1219 -9999 -9999  295  144
30 -9999  1828 -9999 -9999  290  159
30 -9999  2133 -9999 -9999  285  298
30 -9999  2438 -9999 -9999  285  314
30 -9999  2743 -9999 -9999  285  334
30 -9999  3657 -9999 -9999  285  396
30 -9999  4267 -9999 -9999  280  447
