#7256220140406002302 122
21 91200B  847   176B  199  150   20
20 90800 -9999   168B  220-9999-9999
20 89100 -9999   150B  210-9999-9999
10 85000  1439B  112B  180  165   30
20 79700 -9999    62B  140-9999-9999
20 75500 -9999    28B  150-9999-9999
10 70000  3017B  -29B  100  230   61
20 66200 -9999   -71B   60-9999-9999
20 65200 -9999   -81B   80-9999-9999
20 59800 -9999  -135B   80-9999-9999
20 54800 -9999  -185B   80-9999-9999
20 52100 -9999  -207B  120-9999-9999
10 50000  5570B -229B  110  250  128
20 44500 -9999  -289B   90-9999-9999
20 42000 -9999  -317B  160-9999-9999
10 40000  7170B -345B  180  265  231
20 38500 -9999  -371B  160-9999-9999
20 33800 -9999  -447B   80-9999-9999
10 30000  9110B -519B   90  240  308
30 27900 -9999 -9999 -9999  240  319
20 27300 -9999  -575B   80-9999-9999
20 26100 -9999  -589B   90-9999-9999
10 25000 10260B -607B   70  245  241
22 24900 -9999  -611B   80  245  241
20 22800 -9999  -613B   90-9999-9999
20 21200 -9999  -601B  100-9999-9999
20 20400 -9999  -575B  130-9999-9999
10 20000 11650B -581B  130  255  247
20 19800 -9999  -583B  140-9999-9999
20 19200 -9999  -565B  150-9999-9999
20 17900 -9999  -565B  180-9999-9999
20 17000 -9999  -555B  200-9999-9999
20 15900 -9999  -565B  230-9999-9999
20 15300 -9999  -559B  250-9999-9999
10 15000 13480B -563B  260  260  241
20 14500 -9999  -573B  260-9999-9999
20 13500 -9999  -567B  280-9999-9999
20 13100 -9999  -571B  290-9999-9999
20 12500 -9999  -589B  290-9999-9999
20 11800 -9999  -593B  300-9999-9999
20 11300 -9999  -585B  310-9999-9999
20 10900 -9999  -569B  310-9999-9999
10 10000 16040B -575B  320  250  211
20  8400 -9999  -595B  310-9999-9999
20  7460 -9999  -575B  320-9999-9999
10  7000 18280B -577B  320  250  180
20  6469 -9999  -589B  310-9999-9999
20  6010 -9999  -575B  320-9999-9999
20  5740 -9999  -549B  320-9999-9999
20  5020 -9999  -581B  310-9999-9999
10  5000 20410B -579B  320  245  231
20  4530 -9999  -565B  320-9999-9999
20  4220 -9999  -525B  330-9999-9999
20  4040 -9999  -543B  330-9999-9999
20  3759 -9999  -543B  330-9999-9999
20  3580 -9999  -521B  330-9999-9999
10  3000 23680B -549B  320  295  108
20  2960 -9999  -545B  330-9999-9999
20  2790 -9999  -569B  320-9999-9999
20  2670 -9999  -557B  320-9999-9999
20  2570 -9999  -515B  330-9999-9999
20  2290 -9999  -541B  330-9999-9999
20  2120 -9999  -543B  330-9999-9999
20  2050 -9999  -521B  330-9999-9999
10  2000 26280B -529B  330  275   46
20  1860 -9999  -549B  320-9999-9999
20  1750 -9999  -543B  330-9999-9999
20  1640 -9999  -515B  330-9999-9999
20  1410 -9999  -541B  330-9999-9999
20  1210 -9999  -505B  340-9999-9999
20  1090 -9999  -529B  330-9999-9999
20  1060 -9999  -521B  330-9999-9999
20  1030 -9999  -485B  340-9999-9999
10  1000 30760B -483B  340  170   72
20   870 -9999  -453B  350-9999-9999
20   810 -9999  -415B  360-9999-9999
30 -9999  1219 -9999 -9999  145   20
30 -9999  1828 -9999 -9999  210   46
30 -9999  2133 -9999 -9999  230   56
30 -9999  2438 -9999 -9999  240   56
30 -9999  2743 -9999 -9999  240   72
30 -9999  3657 -9999 -9999  245   51
30 -9999  4267 -9999 -9999  255   82
30 -9999  4876 -9999 -9999  240   66
30 -9999  6096 -9999 -9999  270  144
30 -9999  6400 -9999 -9999  275  180
30 -9999  7010 -9999 -9999  270  221
30 -9999  7620 -9999 -9999  260  236
30 -9999  9144 -9999 -9999  235  314
30 -9999  9448 -9999 -9999  240  319
30 -9999 10363 -9999 -9999  245  241
30 -9999 12496 -9999 -9999  250  236
30 -9999 12801 -9999 -9999  265  241
30 -9999 14020 -9999 -9999  250  221
30 -9999 15240 -9999 -9999  265  236
30 -9999 15544 -9999 -9999  265  211
30 -9999 16459 -9999 -9999  260  257
30 -9999 17068 -9999 -9999  275  205
30 -9999 18288 -9999 -9999  250  185
30 -9999 19507 -9999 -9999  250  169
30 -9999 20116 -9999 -9999  235  185
30 -9999 20726 -9999 -9999  260  262
30 -9999 21031 -9999 -9999  270  180
30 -9999 21336 -9999 -9999  250  133
30 -9999 21640 -9999 -9999  230  159
30 -9999 22250 -9999 -9999  240  180
30 -9999 22555 -9999 -9999  240  138
30 -9999 22860 -9999 -9999  210  102
30 -9999 23774 -9999 -9999  305   82
30 -9999 24079 -9999 -9999  295   72
30 -9999 24384 -9999 -9999  250   61
30 -9999 24688 -9999 -9999  300   51
30 -9999 25298 -9999 -9999  275   66
30 -9999 26212 -9999 -9999  275   36
30 -9999 26517 -9999 -9999  250   56
30 -9999 27127 -9999 -9999  270   61
30 -9999 27432 -9999 -9999  250   92
30 -9999 27736 -9999 -9999  285   97
30 -9999 28041 -9999 -9999  280  123
30 -9999 28651 -9999 -9999  275   10
30 -9999 30480 -9999 -9999  115   30
30 -9999 32004 -9999 -9999  190  128
