#7256220140405121112 121
21 91600B  847    32B   60  165   30
20 90900 -9999    32B   90-9999-9999
20 90200 -9999    54B  120-9999-9999
20 89600 -9999    54B  130-9999-9999
20 88900 -9999    68B  150-9999-9999
10 85000  1462B   42B  130  190  211
20 81400 -9999    24B  130-9999-9999
20 80500 -9999    32B  130-9999-9999
20 75000 -9999     4B  130-9999-9999
20 71600 -9999   -27B  110-9999-9999
10 70000  3021B  -41B  130  225   30
20 68300 -9999   -57B  140-9999-9999
20 65600 -9999   -83B  100-9999-9999
20 64400 -9999   -91B  130-9999-9999
20 62500 -9999  -111B  120-9999-9999
20 54400 -9999  -207B   32-9999-9999
20 53200 -9999  -219B   27-9999-9999
20 52000 -9999  -227B   43-9999-9999
20 50300 -9999  -235B   42-9999-9999
10 50000  5570B -239B   42  265   97
20 44800 -9999  -291B   38-9999-9999
10 40000  7160B -353B   44  245  175
20 38100 -9999  -377B   46-9999-9999
20 30400 -9999  -507B   50-9999-9999
10 30000  9100B -513B   50  245  221
20 27100 -9999  -559B   50-9999-9999
20 26500 -9999  -561B   60-9999-9999
10 25000 10260B -593B   50  250  262
20 24700 -9999  -589B   60-9999-9999
22 23500 -9999  -607B   60  250  293
20 23000 -9999  -601B   60-9999-9999
20 22400 -9999  -611B   60-9999-9999
20 21800 -9999  -609B   60-9999-9999
20 20800 -9999  -591B   70-9999-9999
10 20000 11650B -593B   70  255  355
20 19500 -9999  -591B   70-9999-9999
20 19100 -9999  -577B   70-9999-9999
20 18300 -9999  -571B   70-9999-9999
20 17800 -9999  -555B   80-9999-9999
20 17000 -9999  -559B   80-9999-9999
20 16600 -9999  -569B   80-9999-9999
20 15900 -9999  -543B   90-9999-9999
10 15000 13480B -561B   90  260  267
20 14900 -9999  -561B   90-9999-9999
20 13600 -9999  -563B   90-9999-9999
20 12300 -9999  -591B   90-9999-9999
20 12100 -9999  -585B   90-9999-9999
20 11700 -9999  -589B   90-9999-9999
20 11500 -9999  -581B  100-9999-9999
20 11100 -9999  -583B  100-9999-9999
20 10300 -9999  -609B   90-9999-9999
10 10000 16030B -607B  100  255  231
20  8390 -9999  -603B  100-9999-9999
20  8220 -9999  -579B  110-9999-9999
20  7710 -9999  -549B  120-9999-9999
20  7119 -9999  -567B  110-9999-9999
10  7000 18270B -559B  110  255  159
20  6719 -9999  -553B  110-9999-9999
20  6020 -9999  -565B  110-9999-9999
20  5810 -9999  -543B  120-9999-9999
20  5140 -9999  -581B  110-9999-9999
10  5000 20410B -575B  120  255   97
20  4460 -9999  -569B  120-9999-9999
20  3800 -9999  -533B  150-9999-9999
20  3359 -9999  -555B  130-9999-9999
20  3230 -9999  -537B  150-9999-9999
10  3000 23670B -545B  150  230   56
20  2970 -9999  -539B  160-9999-9999
20  2730 -9999  -563B  150-9999-9999
20  2470 -9999  -531B  180-9999-9999
20  2330 -9999  -545B  170-9999-9999
20  2250 -9999  -531B  190-9999-9999
20  2130 -9999  -555B  180-9999-9999
20  2029 -9999  -547B  200-9999-9999
10  2000 26260B -553B  190  350   87
20  1810 -9999  -575B  200-9999-9999
20  1700 -9999  -577B  210-9999-9999
20  1470 -9999  -539B  270-9999-9999
20  1340 -9999  -497B  300-9999-9999
20  1200 -9999  -511B  290-9999-9999
20  1120 -9999  -461B  340-9999-9999
20  1070 -9999  -485B  330-9999-9999
10  1000 30740B -483B  340  265    5
20   980 -9999  -475B  350-9999-9999
20   950 -9999  -485B  340-9999-9999
30 -9999  1219 -9999 -9999  180  195
30 -9999  1828 -9999 -9999  195  226
30 -9999  2133 -9999 -9999  225  169
30 -9999  2438 -9999 -9999  255  108
30 -9999  2743 -9999 -9999  235   72
30 -9999  3048 -9999 -9999  225   30
30 -9999  3657 -9999 -9999  250   56
30 -9999  4267 -9999 -9999  270   82
30 -9999  4876 -9999 -9999  270   92
30 -9999  6096 -9999 -9999  255  113
30 -9999  7620 -9999 -9999  250  185
30 -9999  9144 -9999 -9999  245  226
30 -9999 11582 -9999 -9999  255  355
30 -9999 12192 -9999 -9999  255  267
30 -9999 12496 -9999 -9999  265  319
30 -9999 15240 -9999 -9999  265  231
30 -9999 17068 -9999 -9999  245  252
30 -9999 17373 -9999 -9999  245  226
30 -9999 17678 -9999 -9999  265  180
30 -9999 18288 -9999 -9999  255  159
30 -9999 18897 -9999 -9999  250  169
30 -9999 19812 -9999 -9999  275  164
30 -9999 20421 -9999 -9999  230  133
30 -9999 20726 -9999 -9999  230  185
30 -9999 21336 -9999 -9999  240  175
30 -9999 22250 -9999 -9999  255  154
30 -9999 22555 -9999 -9999  255  108
30 -9999 22860 -9999 -9999  210   72
30 -9999 23164 -9999 -9999  230   61
30 -9999 23469 -9999 -9999  205   66
30 -9999 23774 -9999 -9999  250   51
30 -9999 24079 -9999 -9999  220   46
30 -9999 24384 -9999 -9999  225   66
30 -9999 27432 -9999 -9999  305   46
30 -9999 30480 -9999 -9999  260   36
30 -9999 30784 -9999 -9999  255   56
