#7255820140101002340 142
21 97900B  350   -87B   43   50   66
20 97400A-9999   -95B   50-9999-9999
20 93600 -9999  -117B   27-9999-9999
20 92900 -9999   -91B   21-9999-9999
10 92500   786B  -75B   27   45   66
20 92100 -9999   -65B   34-9999-9999
20 90200 -9999   -63B   33-9999-9999
20 88800 -9999   -23B   50-9999-9999
20 87300 -9999    -7B   70-9999-9999
20 85300 -9999     4B   90-9999-9999
10 85000  1456B    6B   80  315   77
20 84900 -9999     8B   80-9999-9999
20 84400 -9999     4B   37-9999-9999
20 83900 -9999     2B   25-9999-9999
20 83200 -9999     8B   90-9999-9999
20 82800 -9999    10B  100-9999-9999
20 80000 -9999    10B  130-9999-9999
20 79500 -9999     8B  110-9999-9999
20 78400 -9999     2B   80-9999-9999
20 76700 -9999    -7B  100-9999-9999
20 72400 -9999   -51B   38-9999-9999
20 70200 -9999   -59B   48-9999-9999
10 70000  3002B  -61B   48  295  175
20 68000 -9999   -81B   32-9999-9999
20 65500 -9999   -97B   36-9999-9999
20 62000 -9999  -131B    8-9999-9999
20 58500 -9999  -163B    7-9999-9999
20 54500 -9999  -183B   17-9999-9999
20 53200 -9999  -189B   36-9999-9999
20 51300 -9999  -207B   42-9999-9999
10 50000  5550B -207B  140  280  298
20 49900 -9999  -207B  150-9999-9999
20 49000 -9999  -211B  210-9999-9999
20 47100 -9999  -229B  310-9999-9999
20 43400 -9999  -285B  190-9999-9999
20 42200 -9999  -303B  110-9999-9999
20 41400 -9999  -315B  100-9999-9999
10 40000  7160B -335B  140  275  303
20 39600 -9999  -341B  150-9999-9999
20 37400 -9999  -373B  130-9999-9999
20 36800 -9999  -379B  190-9999-9999
20 33600 -9999  -437B   90-9999-9999
20 32700 -9999  -455B   60-9999-9999
20 30400 -9999  -499B   70-9999-9999
10 30000  9110B -507B   60  295  314
20 29300 -9999  -519B   60-9999-9999
20 26700 -9999  -571B   90-9999-9999
10 25000 10270B -605B  100  305  365
22 23600 -9999  -631B  100  300  334
20 22200 -9999  -629B  110-9999-9999
20 21800 -9999  -615B  120-9999-9999
20 20600 -9999  -625B  140-9999-9999
10 20000 11650B -607B  150  290  308
20 18300 -9999  -655B  150-9999-9999
20 18100 -9999  -631B  160-9999-9999
20 17600 -9999  -631B  170-9999-9999
20 17000 -9999  -613B  190  280  447
20 16900 -9999  -597B  200-9999-9999
20 16500 -9999  -595B  220-9999-9999
10 15000 13430B -611B  310  275  360
20 14400 -9999  -615B  310-9999-9999
20 13800 -9999  -611B  310-9999-9999
20 13700 -9999  -601B  310-9999-9999
20 12600 -9999  -585B  310-9999-9999
20 11900 -9999  -597B  310-9999-9999
20 11800 -9999  -589B  310-9999-9999
20 10400 -9999  -579B  320-9999-9999
10 10000 15970B -595B  310  270  329
20  8920 -9999  -623B  300-9999-9999
20  8090 -9999  -599B  310-9999-9999
10  7000 18190B -599B  310  285  314
20  6590 -9999  -609B  310-9999-9999
20  5740 -9999  -593B  310-9999-9999
20  5540 -9999  -605B  310-9999-9999
20  5360 -9999  -589B  310-9999-9999
10  5000 20280B -611B  310  265  252
20  4000 -9999  -679B  290-9999-9999
20  3559 -9999  -635B  300-9999-9999
20  3330 -9999  -637B  300-9999-9999
20  3070 -9999  -663B  290-9999-9999
10  3000 23400B -659B  290  275  360
20  2850 -9999  -631B  300-9999-9999
20  2700 -9999  -655B  290-9999-9999
20  2380 -9999  -669B  290-9999-9999
20  2120 -9999  -587B  310-9999-9999
10  2000 25890B -577B  320  260  514
20  1979 -9999  -571B  320-9999-9999
20  1750 -9999  -637B  300-9999-9999
20  1590 -9999  -657B  290-9999-9999
20  1450 -9999  -649B  300-9999-9999
20  1390 -9999  -609B  310-9999-9999
20  1310 -9999  -611B  310-9999-9999
20  1280 -9999  -581B  320-9999-9999
20  1210 -9999  -585B  310-9999-9999
20  1130 -9999  -561B  320-9999-9999
20  1090 -9999  -581B  310-9999-9999
10  1000 30200B -571B  320  255  694
20   989 -9999  -569B  320-9999-9999
20   939 -9999  -583B  310-9999-9999
20   900 -9999  -543B  330-9999-9999
20   870 -9999  -539A  330-9999-9999
20   850 -9999  -505A  340-9999-9999
20   790 -9999  -479A  350  255  803
30 -9999   609 -9999 -9999   40  108
30 -9999   914 -9999 -9999  340   30
30 -9999  1219 -9999 -9999  260   61
30 -9999  1524 -9999 -9999  315   82
30 -9999  1828 -9999 -9999  285  102
30 -9999  2133 -9999 -9999  280  149
30 -9999  2438 -9999 -9999  280  144
30 -9999  2743 -9999 -9999  290  154
30 -9999  3048 -9999 -9999  300  164
30 -9999  3657 -9999 -9999  285  205
30 -9999  3962 -9999 -9999  270  211
30 -9999  4267 -9999 -9999  275  221
30 -9999  4876 -9999 -9999  280  262
30 -9999  6096 -9999 -9999  280  314
30 -9999  7315 -9999 -9999  275  303
30 -9999  7620 -9999 -9999  280  303
30 -9999  9144 -9999 -9999  295  314
30 -9999  9448 -9999 -9999  295  303
30 -9999 10363 -9999 -9999  305  365
30 -9999 10972 -9999 -9999  285  314
30 -9999 11887 -9999 -9999  280  293
30 -9999 12192 -9999 -9999  275  319
30 -9999 12496 -9999 -9999  280  447
30 -9999 13411 -9999 -9999  280  360
30 -9999 14020 -9999 -9999  280  416
30 -9999 14630 -9999 -9999  290  329
30 -9999 15240 -9999 -9999  280  314
30 -9999 18288 -9999 -9999  285  308
30 -9999 20421 -9999 -9999  265  252
30 -9999 21031 -9999 -9999  270  329
30 -9999 21336 -9999 -9999  275  329
30 -9999 22250 -9999 -9999  290  314
30 -9999 23774 -9999 -9999  270  380
30 -9999 24384 -9999 -9999  275  360
30 -9999 24993 -9999 -9999  270  499
30 -9999 27432 -9999 -9999  255  514
30 -9999 27736 -9999 -9999  255  514
30 -9999 30480 -9999 -9999  255  725
30 -9999 31699 -9999 -9999  255  803
