#7251820140101002305 140
21100800B   93   -57B   20   10   10
20100400 -9999   -51B   23-9999-9999
10100000   157B  -51B   31  300   30
20 99200 -9999   -51B   60-9999-9999
10 92500   765B  -99B   47  285  164
20 90300 -9999  -113B   39-9999-9999
20 88700 -9999  -125B   43-9999-9999
20 87300 -9999  -133B   70-9999-9999
10 85000  1411B -149B   60  275  221
20 77300 -9999  -209B   42-9999-9999
20 74200 -9999  -227B   32-9999-9999
20 73000 -9999  -219B   70-9999-9999
20 71400 -9999  -233B   48-9999-9999
10 70000  2848B -247B   45  270  211
20 69200 -9999  -253B   47-9999-9999
20 68700 -9999  -251B  130-9999-9999
20 68300 -9999  -251B  170-9999-9999
20 66100 -9999  -249B  240-9999-9999
20 59400 -9999  -265B  350-9999-9999
20 56000 -9999  -251B  420-9999-9999
20 52200 -9999  -273B  410-9999-9999
10 50000  5280B -277B  270  285  571
20 49200 -9999  -279B  240-9999-9999
20 46000 -9999  -303B  200-9999-9999
20 44500 -9999  -319B  220-9999-9999
20 42200 -9999  -349B  140-9999-9999
20 41200 -9999  -357B  120-9999-9999
10 40000  6860B -371B  160  275  669
20 39000 -9999  -381B  170-9999-9999
20 36100 -9999  -425B  110-9999-9999
30 33100 -9999 -9999 -9999  270  736
20 30200 -9999  -521B  110-9999-9999
10 30000  8780B -521B  110  270  710
20 28700 -9999  -517B  140-9999-9999
20 27800 -9999  -523B  140-9999-9999
22 26900 -9999  -539B  150  270  622
20 26200 -9999  -529B  190-9999-9999
20 25400 -9999  -543B  200-9999-9999
10 25000  9960B -541B  200  265  622
20 24500 -9999  -539B  210-9999-9999
20 23800 -9999  -547B  250-9999-9999
20 22900 -9999  -537B  260-9999-9999
20 22100 -9999  -547B  270-9999-9999
20 20500 -9999  -537B  270-9999-9999
10 20000 11390B -541B  270  270  612
20 19400 -9999  -545B  280-9999-9999
20 19000 -9999  -531B  300-9999-9999
20 18600 -9999  -533B  330-9999-9999
20 18500 -9999  -533B-9999-9999-9999
20 18300 -9999  -525B-9999-9999-9999
20 17000 -9999  -535B-9999-9999-9999
20 16300 -9999  -553B-9999-9999-9999
20 15800 -9999  -555B-9999-9999-9999
10 15000 13240B -539B-9999  260  576
20 14200 -9999  -529B-9999-9999-9999
20 13100 -9999  -547B-9999-9999-9999
20 12500 -9999  -527B-9999-9999-9999
20 11100 -9999  -547B-9999-9999-9999
20 10700 -9999  -545B-9999-9999-9999
10 10000 15840B -553B-9999  255  489
20  7690 -9999  -575B-9999-9999-9999
20  7390 -9999  -567B-9999-9999-9999
10  7000 18100B -571B-9999  240  360
20  6590 -9999  -591B-9999-9999-9999
20  5850 -9999  -575B-9999-9999-9999
30  5560 -9999 -9999 -9999  255  478
20  5520 -9999  -597B-9999-9999-9999
20  5180 -9999  -553B-9999-9999-9999
20  5030 -9999  -545B-9999-9999-9999
10  5000 20220B -545B-9999  250  406
20  4740 -9999  -545B-9999-9999-9999
20  4340 -9999  -571B-9999-9999-9999
20  4100 -9999  -569B-9999-9999-9999
20  3930 -9999  -547B-9999-9999-9999
20  3420 -9999  -605B-9999-9999-9999
20  3080 -9999  -525B-9999-9999-9999
10  3000 23470B -535B-9999  245  442
20  2920 -9999  -537B-9999-9999-9999
20  2810 -9999  -511B-9999-9999-9999
20  2340 -9999  -531B-9999-9999-9999
20  2120 -9999  -581B-9999-9999-9999
20  2080 -9999  -565B-9999-9999-9999
10  2000 26070B -569B-9999  250  442
20  1900 -9999  -571B-9999-9999-9999
20  1679 -9999  -611B-9999-9999-9999
20  1600 -9999  -591B-9999-9999-9999
20  1560 -9999  -541B-9999-9999-9999
20  1520 -9999  -531B-9999-9999-9999
20  1410 -9999  -535B-9999-9999-9999
20  1360 -9999  -515B-9999-9999-9999
20  1240 -9999  -511B-9999-9999-9999
20  1190 -9999  -493B-9999-9999-9999
20  1080 -9999  -521B-9999-9999-9999
30  1070 -9999 -9999 -9999  235  648
20  1060 -9999  -499B-9999-9999-9999
20  1040 -9999  -499B-9999-9999-9999
20  1020 -9999  -475B-9999-9999-9999
10  1000 30520B -429B-9999  240  633
20   980 -9999  -339B-9999-9999-9999
20   970 -9999  -289B-9999-9999-9999
20   900 -9999  -275B-9999-9999-9999
20   850 -9999  -285A-9999-9999-9999
30 -9999   304 -9999 -9999  285   87
30 -9999   609 -9999 -9999  285  169
30 -9999   914 -9999 -9999  280  154
30 -9999  1219 -9999 -9999  275  216
30 -9999  1828 -9999 -9999  280  221
30 -9999  2133 -9999 -9999  285  226
30 -9999  2438 -9999 -9999  280  211
30 -9999  2743 -9999 -9999  270  211
30 -9999  3657 -9999 -9999  285  293
30 -9999  3962 -9999 -9999  285  303
30 -9999  4267 -9999 -9999  290  411
30 -9999  4572 -9999 -9999  290  468
30 -9999  4876 -9999 -9999  285  519
30 -9999  5181 -9999 -9999  285  571
30 -9999  6096 -9999 -9999  275  581
30 -9999  7620 -9999 -9999  275  725
30 -9999  8229 -9999 -9999  270  736
30 -9999  9144 -9999 -9999  270  674
30 -9999 10668 -9999 -9999  265  571
30 -9999 10972 -9999 -9999  265  638
30 -9999 11887 -9999 -9999  270  540
30 -9999 13106 -9999 -9999  260  607
30 -9999 15240 -9999 -9999  260  483
30 -9999 17983 -9999 -9999  245  334
30 -9999 18288 -9999 -9999  245  386
30 -9999 19507 -9999 -9999  255  478
30 -9999 21336 -9999 -9999  250  370
30 -9999 21640 -9999 -9999  240  339
30 -9999 23469 -9999 -9999  245  447
30 -9999 24079 -9999 -9999  250  401
30 -9999 24384 -9999 -9999  250  406
30 -9999 25298 -9999 -9999  230  365
30 -9999 26822 -9999 -9999  250  447
30 -9999 27432 -9999 -9999  250  530
30 -9999 28041 -9999 -9999  250  622
30 -9999 30175 -9999 -9999  235  648
30 -9999 30480 -9999 -9999  240  628
30 -9999 31394 -9999 -9999  250  566
