#7255820140101121102 118
21 98000B  350  -121B   34   35   46
20 97300 -9999  -129B   36-9999-9999
10 92500   786B -163B    6   55   97
20 92200 -9999  -165B    3-9999-9999
20 91500 -9999  -145B    0-9999-9999
20 90700 -9999  -101B    6-9999-9999
20 89300 -9999   -93B    1-9999-9999
20 87800 -9999   -57B    9-9999-9999
20 87100 -9999   -49B    4-9999-9999
20 86400 -9999   -19B    7-9999-9999
20 85600 -9999    -5B   12-9999-9999
10 85000  1444B   -3B   32  280   61
20 84100 -9999    -3B    7-9999-9999
20 82900 -9999     2B   19-9999-9999
20 82100 -9999     8B   41-9999-9999
20 79400 -9999     0B   70-9999-9999
20 72400 -9999   -63B    5-9999-9999
10 70000  2985B  -77B    8  265  149
20 67400 -9999  -101B    1-9999-9999
20 66400 -9999  -101B    8-9999-9999
20 57900 -9999  -165B    3-9999-9999
20 56000 -9999  -183B    3-9999-9999
20 54400 -9999  -199B   17-9999-9999
20 52100 -9999  -225B    8-9999-9999
10 50000  5520B -249B   15  280  185
20 47600 -9999  -275B   19-9999-9999
20 46500 -9999  -277B   28-9999-9999
20 45100 -9999  -297B   22-9999-9999
20 44200 -9999  -299B   50-9999-9999
20 43000 -9999  -309B   60-9999-9999
20 42100 -9999  -321B   50-9999-9999
20 40300 -9999  -343B   60-9999-9999
10 40000  7110B -347B   50  255  303
20 39000 -9999  -361B   34-9999-9999
20 37700 -9999  -379B   27-9999-9999
20 31400 -9999  -477B   23-9999-9999
10 30000  9050B -505B   32  255  370
20 28800 -9999  -527B   35-9999-9999
20 27200 -9999  -555B   60-9999-9999
20 26200 -9999  -573B   50-9999-9999
10 25000 10220B -597B   60  250  442
22 24500 -9999  -603B   60  250  458
30 22800 -9999 -9999 -9999  255  478
20 22300 -9999  -607B   80-9999-9999
20 20900 -9999  -579B  110-9999-9999
10 20000 11610B -587B  120  260  427
20 19900 -9999  -591B  120-9999-9999
20 18700 -9999  -591B  140-9999-9999
20 18100 -9999  -601B  130-9999-9999
20 17900 -9999  -597B  140-9999-9999
20 17300 -9999  -563B  150-9999-9999
20 17000 -9999  -549B  170-9999-9999
20 16300 -9999  -535B  190-9999-9999
20 15500 -9999  -557B  220-9999-9999
10 15000 13430B -567B  230  260  370
20 14200 -9999  -579B  230-9999-9999
20 13500 -9999  -577B  220-9999-9999
20 13300 -9999  -569B  220-9999-9999
20 12900 -9999  -579B  200-9999-9999
20 12000 -9999  -567B  210-9999-9999
22 10800 -9999  -613B  210  270  319
20 10300 -9999  -601B  210-9999-9999
10 10000 15980B -609B  210  275  360
20  9530 -9999  -619B  200-9999-9999
20  8620 -9999  -591B  220-9999-9999
20  7780 -9999  -583B  220-9999-9999
10  7000 18210B -605B  220  280  236
20  6320 -9999  -635B  230-9999-9999
10  5000 20270B -655B  220  290  267
20  4940 -9999  -657B  210-9999-9999
20  4000 -9999  -643B  230-9999-9999
20  3120 -9999  -687B  220-9999-9999
10  3000 23370B -673B  230  285  380
20  2770 -9999  -651B  240-9999-9999
20  2500 -9999  -669B  230-9999-9999
20  2310 -9999  -645B  250-9999-9999
20  2050 -9999  -695B  220-9999-9999
10  2000 25820B -687B  220  270  442
20  1910 -9999  -689B  230-9999-9999
20  1850 -9999  -655B  250-9999-9999
20  1670 -9999  -613B  270-9999-9999
20  1550 -9999  -639B  250-9999-9999
20  1340 -9999  -605B  280  260  592
20  1230 -9999  -567B  290-9999-9999
20  1110 -9999  -563B  300-9999-9999
30 -9999   609 -9999 -9999   40   92
30 -9999   914 -9999 -9999   80   77
30 -9999  1219 -9999 -9999  325   46
30 -9999  1828 -9999 -9999  265  102
30 -9999  2133 -9999 -9999  270  128
30 -9999  2438 -9999 -9999  270  113
30 -9999  2743 -9999 -9999  265  144
30 -9999  3657 -9999 -9999  265  123
30 -9999  4267 -9999 -9999  260  154
30 -9999  4876 -9999 -9999  270  159
30 -9999  5791 -9999 -9999  280  180
30 -9999  6096 -9999 -9999  275  231
30 -9999  6400 -9999 -9999  260  277
30 -9999  7315 -9999 -9999  255  344
30 -9999  7620 -9999 -9999  255  344
30 -9999  9144 -9999 -9999  255  370
30 -9999 10668 -9999 -9999  255  478
30 -9999 12192 -9999 -9999  270  468
30 -9999 12801 -9999 -9999  280  380
30 -9999 13106 -9999 -9999  270  308
30 -9999 13411 -9999 -9999  260  339
30 -9999 13716 -9999 -9999  270  416
30 -9999 14630 -9999 -9999  275  339
30 -9999 15240 -9999 -9999  280  334
30 -9999 18288 -9999 -9999  285  226
30 -9999 21336 -9999 -9999  285  314
30 -9999 23469 -9999 -9999  285  386
30 -9999 24384 -9999 -9999  280  288
30 -9999 25298 -9999 -9999  260  380
30 -9999 26517 -9999 -9999  270  468
30 -9999 27432 -9999 -9999  255  555
30 -9999 27736 -9999 -9999  260  494
30 -9999 28041 -9999 -9999  260  592
