#7250120140101002307 145
21101800B   20    -9B   50    0    0
20100900 -9999    -9B   70-9999-9999
10100000   158B  -15B   60  280   87
20 99900 -9999   -17B   60-9999-9999
20 93400 -9999   -65B   36-9999-9999
10 92500   772B  -71B   41  285  195
20 89100 -9999   -97B   36-9999-9999
20 88200 -9999   -99B   60-9999-9999
10 85000  1425B -119B   60  290  164
20 84600 -9999  -119B   70-9999-9999
20 78600 -9999  -167B   50-9999-9999
20 76400 -9999  -167B  130-9999-9999
20 75500 -9999  -153B  310-9999-9999
20 74500 -9999  -149B  360-9999-9999
20 71700 -9999  -151B  320-9999-9999
10 70000  2894B -145B  410  280  334
20 67400 -9999  -131B  440-9999-9999
20 63600 -9999  -155B  420-9999-9999
20 59500 -9999  -165B  310-9999-9999
10 50000  5410B -249B  170  275  514
20 48500 -9999  -267B  160-9999-9999
20 47800 -9999  -265B  160-9999-9999
20 44900 -9999  -283B  160-9999-9999
20 43500 -9999  -303B  130-9999-9999
20 41500 -9999  -327B  150-9999-9999
10 40000  7000B -351B  140  270  592
20 37200 -9999  -393B  130-9999-9999
20 35000 -9999  -433B  100-9999-9999
20 33300 -9999  -463B   70-9999-9999
20 31000 -9999  -495B  110-9999-9999
20 30400 -9999  -509B  100-9999-9999
10 30000  8940B -513B  100  260  658
20 29000 -9999  -531B  110-9999-9999
20 28000 -9999  -533B  130-9999-9999
20 26100 -9999  -553B  140-9999-9999
22 25300 -9999  -571B  130  265  715
10 25000 10100B -565B  130  265  720
20 24300 -9999  -557B  150-9999-9999
20 23700 -9999  -559B  180-9999-9999
20 23300 -9999  -551B  200-9999-9999
20 22000 -9999  -559B  210-9999-9999
20 21300 -9999  -575B  200-9999-9999
20 20900 -9999  -567B  210-9999-9999
30 20500 -9999 -9999 -9999  270  746
20 20300 -9999  -573B  210-9999-9999
10 20000 11520B -563B  220  270  725
20 19300 -9999  -543B  240-9999-9999
20 18300 -9999  -535B  280-9999-9999
20 18000 -9999  -519B  290-9999-9999
20 17600 -9999  -521B  300-9999-9999
20 16600 -9999  -547B  290-9999-9999
20 16400 -9999  -541B  290-9999-9999
20 15700 -9999  -551B  280-9999-9999
10 15000 13370B -543B  290  260  607
20 14600 -9999  -535B  290-9999-9999
20 14300 -9999  -519B  300-9999-9999
20 13900 -9999  -535B  300-9999-9999
20 13400 -9999  -543B  290-9999-9999
20 11900 -9999  -571B  280-9999-9999
20 11700 -9999  -567B  280-9999-9999
20 11400 -9999  -573B  280-9999-9999
20 11300 -9999  -567B  280-9999-9999
20 11000 -9999  -571B  280-9999-9999
20 10700 -9999  -557B  290-9999-9999
10 10000 15950B -561B  290  260  427
20  8710 -9999  -589B  270-9999-9999
20  8280 -9999  -553B  290-9999-9999
10  7000 18210B -599B  270  250  319
20  6419 -9999  -623B  260-9999-9999
30  6310 -9999 -9999 -9999  250  416
20  6000 -9999  -605B  260-9999-9999
20  5730 -9999  -561B  290-9999-9999
20  5240 -9999  -591B  280-9999-9999
10  5000 20310B -577B  280  250  370
20  4900 -9999  -571B  290-9999-9999
20  4700 -9999  -579B  280-9999-9999
20  4620 -9999  -555B  300-9999-9999
20  4240 -9999  -575B  290-9999-9999
20  4059 -9999  -557B  290-9999-9999
20  3920 -9999  -561B  290-9999-9999
20  3740 -9999  -533B  300-9999-9999
20  3320 -9999  -543B  300-9999-9999
20  3240 -9999  -529B  310-9999-9999
10  3000 23570B -543B  300  240  355
20  2940 -9999  -541B  300-9999-9999
20  2750 -9999  -571B  290-9999-9999
20  2610 -9999  -569B  290-9999-9999
20  2310 -9999  -525B  310-9999-9999
20  2210 -9999  -541B  300-9999-9999
20  2010 -9999  -521B  310-9999-9999
10  2000 26170B -521B  310  250  411
20  1879 -9999  -533B  300-9999-9999
20  1840 -9999  -515B  310-9999-9999
20  1779 -9999  -521B  310-9999-9999
20  1670 -9999  -503B  310-9999-9999
20  1470 -9999  -539B  300-9999-9999
20  1390 -9999  -513B  310-9999-9999
20  1330 -9999  -519B  310-9999-9999
20  1300 -9999  -499B  320-9999-9999
20  1210 -9999  -501B  310-9999-9999
20  1150 -9999  -465B  330-9999-9999
20  1120 -9999  -477B  320-9999-9999
20  1070 -9999  -461B  330-9999-9999
30  1050 -9999 -9999 -9999  250  494
20  1010 -9999  -417B  350-9999-9999
10  1000 30690B -417B  350-9999-9999
20   980 -9999  -419B  350-9999-9999
20   950 -9999  -393B  360-9999-9999
20   930 -9999  -341B  390-9999-9999
20   900 -9999  -325B  390-9999-9999
20   880 -9999  -329A  390-9999-9999
30 -9999   304 -9999 -9999  275  118
30 -9999   609 -9999 -9999  285  190
30 -9999   914 -9999 -9999  285  205
30 -9999  1219 -9999 -9999  290  195
30 -9999  1828 -9999 -9999  285  154
30 -9999  2133 -9999 -9999  285  149
30 -9999  2438 -9999 -9999  285  288
30 -9999  2743 -9999 -9999  280  319
30 -9999  3657 -9999 -9999  285  422
30 -9999  4267 -9999 -9999  285  473
30 -9999  4876 -9999 -9999  275  489
30 -9999  6096 -9999 -9999  270  550
30 -9999  7620 -9999 -9999  265  633
30 -9999  9144 -9999 -9999  260  664
30 -9999 11277 -9999 -9999  270  746
30 -9999 12801 -9999 -9999  260  561
30 -9999 14325 -9999 -9999  255  628
30 -9999 15240 -9999 -9999  260  489
30 -9999 16764 -9999 -9999  255  483
30 -9999 17983 -9999 -9999  255  293
30 -9999 18288 -9999 -9999  250  339
30 -9999 18897 -9999 -9999  250  416
30 -9999 19507 -9999 -9999  245  380
30 -9999 20726 -9999 -9999  260  380
30 -9999 21336 -9999 -9999  240  386
30 -9999 22555 -9999 -9999  250  293
30 -9999 23469 -9999 -9999  245  360
30 -9999 24079 -9999 -9999  240  267
30 -9999 24384 -9999 -9999  240  334
30 -9999 25298 -9999 -9999  235  411
30 -9999 26517 -9999 -9999  255  406
30 -9999 27432 -9999 -9999  245  391
30 -9999 28041 -9999 -9999  245  401
30 -9999 30480 -9999 -9999  250  494
