#7250120140101121111 142
21102600B   20   -59B   60  230   10
20101500B-9999   -57B   90-9999-9999
10100000   221B  -63B   90  260   82
20 99800 -9999   -63B   80-9999-9999
20 92900 -9999  -111B   46-9999-9999
10 92500   825B -113B   47  295  108
20 87700 -9999  -147B   41-9999-9999
20 85900 -9999  -145B   41-9999-9999
10 85000  1468B -141B   43  300  231
20 82900 -9999  -131B   38-9999-9999
20 81500 -9999  -115B   43-9999-9999
20 77800 -9999  -117B   40-9999-9999
20 75800 -9999  -123B   50-9999-9999
20 74200 -9999  -115B   60-9999-9999
20 73100 -9999  -123B   50-9999-9999
20 70700 -9999  -117B   60-9999-9999
10 70000  2953B -121B   60  280  339
20 68700 -9999  -125B   50-9999-9999
20 66200 -9999  -125B   60-9999-9999
20 65500 -9999  -123B   90-9999-9999
20 63800 -9999  -135B  100-9999-9999
20 56200 -9999  -215B   43-9999-9999
20 54200 -9999  -225B   33-9999-9999
20 53700 -9999  -213B   80-9999-9999
20 53300 -9999  -215B   90-9999-9999
20 52200 -9999  -223B   60-9999-9999
20 51800 -9999  -221B   90-9999-9999
20 51000 -9999  -227B  110-9999-9999
10 50000  5470B -241B   90  270  463
20 48400 -9999  -263B   60-9999-9999
20 47900 -9999  -267B   49-9999-9999
20 47400 -9999  -271B   80-9999-9999
20 46700 -9999  -279B  110-9999-9999
20 46200 -9999  -279B  180-9999-9999
20 45100 -9999  -289B  160-9999-9999
20 43900 -9999  -303B  210-9999-9999
20 42700 -9999  -317B  180-9999-9999
20 42100 -9999  -323B  110-9999-9999
20 41700 -9999  -329B   90-9999-9999
10 40000  7060B -357B   60  270  571
20 38400 -9999  -381B   35-9999-9999
20 37000 -9999  -405B   30-9999-9999
20 35600 -9999  -425B   20-9999-9999
20 33900 -9999  -453B   24-9999-9999
10 30000  8990B -519B   90  270  602
20 29900 -9999  -521B  100-9999-9999
20 29200 -9999  -533B   90-9999-9999
20 26000 -9999  -573B  130-9999-9999
10 25000 10150B -577B  130  270  720
22 24800 -9999  -579B  130  270  731
20 24100 -9999  -569B  160-9999-9999
20 23200 -9999  -583B  170-9999-9999
30 22500 -9999 -9999 -9999  270  813
20 21900 -9999  -587B  170-9999-9999
20 20600 -9999  -559B  210-9999-9999
10 20000 11560B -561B  230  270  715
20 19500 -9999  -563B  240-9999-9999
20 18800 -9999  -577B  240-9999-9999
20 17500 -9999  -577B  250-9999-9999
20 16100 -9999  -603B  250-9999-9999
20 15500 -9999  -589B  250-9999-9999
10 15000 13370B -591B  260  270  571
20 14600 -9999  -587B  260-9999-9999
20 13400 -9999  -607B  260-9999-9999
20 12800 -9999  -603B  260-9999-9999
20 12600 -9999  -583B  270-9999-9999
20 12300 -9999  -585B  270-9999-9999
20 12200 -9999  -573B  280-9999-9999
20 11700 -9999  -587B  280-9999-9999
20 11500 -9999  -571B  290-9999-9999
20 11400 -9999  -569B  290-9999-9999
20 10800 -9999  -579B  290-9999-9999
20 10300 -9999  -575B  290-9999-9999
10 10000 15920B -585B  290  265  478
20  9600 -9999  -559B  290-9999-9999
20  8460 -9999  -589B  290-9999-9999
20  7800 -9999  -567B  300-9999-9999
20  7160 -9999  -601B  280-9999-9999
10  7000 18170B -603B  280  260  355
20  6810 -9999  -607B  280-9999-9999
20  6419 -9999  -585B  290-9999-9999
20  5150 -9999  -631B  270-9999-9999
10  5000 20260B -603B  280  255  365
20  4990 -9999  -603B  280-9999-9999
20  4400 -9999  -609B  280-9999-9999
20  4240 -9999  -583B  290-9999-9999
20  3970 -9999  -571B  300-9999-9999
20  3650 -9999  -587B  290-9999-9999
20  3559 -9999  -567B  300-9999-9999
20  3190 -9999  -561B  300-9999-9999
20  3100 -9999  -541B  310-9999-9999
10  3000 23470B -553B  300  245  360
20  2840 -9999  -557B  300-9999-9999
20  2450 -9999  -539B  310-9999-9999
20  2360 -9999  -555B  300-9999-9999
20  2260 -9999  -549B  310-9999-9999
20  2180 -9999  -527B  320-9999-9999
20  2020 -9999  -539B  310-9999-9999
10  2000 26070B -533B  310  240  514
30  1960 -9999 -9999 -9999  240  514
20  1850 -9999  -507B  320-9999-9999
20  1770 -9999  -507B  320-9999-9999
20  1729 -9999  -479B  330-9999-9999
20  1629 -9999  -471B  330-9999-9999
20  1600 -9999  -451B  340-9999-9999
20  1460 -9999  -455B  340-9999-9999
20  1320 -9999  -411B  360-9999-9999
20  1170 -9999  -443B  340-9999-9999
20  1090 -9999  -413B  360-9999-9999
20  1070 -9999  -379B  380-9999-9999
20  1060 -9999  -373B  380-9999-9999
30 -9999   304 -9999 -9999  270   87
30 -9999   609 -9999 -9999  290   92
30 -9999   914 -9999 -9999  300  113
30 -9999  1219 -9999 -9999  300  138
30 -9999  1828 -9999 -9999  290  288
30 -9999  2133 -9999 -9999  290  288
30 -9999  2438 -9999 -9999  290  283
30 -9999  2743 -9999 -9999  285  344
30 -9999  3657 -9999 -9999  280  391
30 -9999  4267 -9999 -9999  280  406
30 -9999  4876 -9999 -9999  275  468
30 -9999  6096 -9999 -9999  265  519
30 -9999  6705 -9999 -9999  270  576
30 -9999  7620 -9999 -9999  275  576
30 -9999  9144 -9999 -9999  270  612
30 -9999  9448 -9999 -9999  270  612
30 -9999 10668 -9999 -9999  270  813
30 -9999 12496 -9999 -9999  270  607
30 -9999 14020 -9999 -9999  270  602
30 -9999 14630 -9999 -9999  275  504
30 -9999 14935 -9999 -9999  270  555
30 -9999 15240 -9999 -9999  265  519
30 -9999 18288 -9999 -9999  260  375
30 -9999 19812 -9999 -9999  265  298
30 -9999 20421 -9999 -9999  255  386
30 -9999 21336 -9999 -9999  260  380
30 -9999 23774 -9999 -9999  250  350
30 -9999 24384 -9999 -9999  245  411
30 -9999 26212 -9999 -9999  240  514
30 -9999 27432 -9999 -9999  245  463
30 -9999 28956 -9999 -9999  255  453
