#7256220140301002304 150
21 91500B  847   -45B   38   25   66
20 91200 -9999   -51B   50-9999-9999
20 88600 -9999   -77B   37-9999-9999
10 85000  1422B -105B   12   10   87
20 83600 -9999  -113B   10-9999-9999
20 82100 -9999   -99B   25-9999-9999
20 81500 -9999   -81B   19-9999-9999
20 80600 -9999   -65B   11-9999-9999
20 79600 -9999   -35B   10-9999-9999
20 79100 -9999   -31B   20-9999-9999
20 78200 -9999   -11B   41-9999-9999
20 77400 -9999     8B   90-9999-9999
20 76800 -9999    16B  110-9999-9999
20 74700 -9999    -3B   90-9999-9999
20 72400 -9999   -19B  100-9999-9999
10 70000  2956B  -41B   80  275  226
20 67300 -9999   -69B   46-9999-9999
20 65300 -9999   -89B   50-9999-9999
20 60100 -9999  -139B   80-9999-9999
20 58800 -9999  -145B  110-9999-9999
20 56000 -9999  -179B   80-9999-9999
20 54600 -9999  -187B   90-9999-9999
20 53500 -9999  -201B   47-9999-9999
20 53000 -9999  -205B   46-9999-9999
20 51600 -9999  -219B   80-9999-9999
20 50600 -9999  -227B  150-9999-9999
10 50000  5510B -231B  170  275  226
20 48200 -9999  -233B  200-9999-9999
20 47300 -9999  -219B  220-9999-9999
20 44300 -9999  -251B  250-9999-9999
20 42500 -9999  -267B  360-9999-9999
10 40000  7130B -293B  300  295  463
20 36200 -9999  -331B  270-9999-9999
20 33800 -9999  -373B  190-9999-9999
20 32900 -9999  -389B  140-9999-9999
20 31400 -9999  -419B  180-9999-9999
20 30200 -9999  -443B  120-9999-9999
10 30000  9120B -447B  130  290  514
20 29200 -9999  -463B  150-9999-9999
20 27700 -9999  -495B  110-9999-9999
22 25500 -9999  -537B  110  285  530
20 25100 -9999  -539B  110-9999-9999
10 25000 10320B -533B  110  285  535
20 24800 -9999  -523B  130-9999-9999
20 24000 -9999  -525B  230-9999-9999
20 23100 -9999  -511B  340-9999-9999
20 22100 -9999  -509B  340-9999-9999
30 21500 -9999 -9999 -9999  285  694
20 21100 -9999  -523B  330-9999-9999
20 20400 -9999  -521B  330-9999-9999
20 20100 -9999  -505B  340-9999-9999
10 20000 11760B -505B  340  280  581
20 19700 -9999  -509B  340-9999-9999
20 19400 -9999  -501B  340-9999-9999
20 18000 -9999  -517B  330-9999-9999
20 16200 -9999  -565B  320-9999-9999
20 15800 -9999  -549B  320-9999-9999
20 15400 -9999  -555B  320-9999-9999
20 15100 -9999  -547B  320-9999-9999
10 15000 13620B -549B  320  275  519
20 14000 -9999  -561B  320-9999-9999
20 13800 -9999  -551B  320-9999-9999
20 12600 -9999  -603B  310-9999-9999
20 12200 -9999  -609B  310-9999-9999
20 12100 -9999  -595B  310-9999-9999
22 11100 -9999  -623B  300  285  370
20 11000 -9999  -621B  300-9999-9999
20 10900 -9999  -601B  310-9999-9999
20 10400 -9999  -587B  310-9999-9999
20 10300 -9999  -569B  320-9999-9999
10 10000 16160B -579B  320  295  283
20  9680 -9999  -589B  310-9999-9999
20  9230 -9999  -579B  320-9999-9999
20  7819 -9999  -631B  300-9999-9999
20  7300 -9999  -633B  300-9999-9999
10  7000 18380B -623B  300  300  216
20  6869 -9999  -623B  300-9999-9999
20  6750 -9999  -579B  320-9999-9999
20  6400 -9999  -567B  320-9999-9999
20  5380 -9999  -625B  300-9999-9999
20  5140 -9999  -579B  320-9999-9999
10  5000 20490B -567B  320  335   72
20  4780 -9999  -537B  330-9999-9999
20  4130 -9999  -563B  320-9999-9999
20  3670 -9999  -561B  320-9999-9999
20  3480 -9999  -537B  330-9999-9999
20  3270 -9999  -539B  330-9999-9999
20  3160 -9999  -515B  330-9999-9999
10  3000 23760B -509B  340   90   82
20  2920 -9999  -501B  340-9999-9999
20  2390 -9999  -521B  330-9999-9999
20  2140 -9999  -499B  340-9999-9999
10  2000 26390B -505B  340   70  113
20  1950 -9999  -507B  340-9999-9999
20  1700 -9999  -495B  340-9999-9999
20  1370 -9999  -517B  330-9999-9999
20  1290 -9999  -491B  340-9999-9999
20  1020 -9999  -539B  330-9999-9999
10  1000 30900B -537B  330   60  133
20   989 -9999  -535B  330-9999-9999
20   970 -9999  -509B  340-9999-9999
30 -9999  1219 -9999 -9999   15   92
30 -9999  1828 -9999 -9999  350   46
30 -9999  2133 -9999 -9999  300  175
30 -9999  2438 -9999 -9999  290  195
30 -9999  2743 -9999 -9999  285  226
30 -9999  3048 -9999 -9999  270  216
30 -9999  3657 -9999 -9999  275  257
30 -9999  4267 -9999 -9999  265  195
30 -9999  4876 -9999 -9999  255  190
30 -9999  5181 -9999 -9999  260  180
30 -9999  5486 -9999 -9999  280  257
30 -9999  6096 -9999 -9999  275  298
30 -9999  7315 -9999 -9999  295  473
30 -9999  7620 -9999 -9999  295  463
30 -9999  9144 -9999 -9999  290  514
30 -9999 10363 -9999 -9999  285  530
30 -9999 11277 -9999 -9999  285  694
30 -9999 11582 -9999 -9999  280  576
30 -9999 12192 -9999 -9999  285  628
30 -9999 13106 -9999 -9999  280  483
30 -9999 14935 -9999 -9999  275  453
30 -9999 15240 -9999 -9999  285  422
30 -9999 18288 -9999 -9999  300  216
30 -9999 18897 -9999 -9999  310   87
30 -9999 19202 -9999 -9999  240   56
30 -9999 19507 -9999 -9999  250  102
30 -9999 19812 -9999 -9999  265   77
30 -9999 20116 -9999 -9999  255   61
30 -9999 20421 -9999 -9999  325   77
30 -9999 21031 -9999 -9999  315   10
30 -9999 21336 -9999 -9999    5   51
30 -9999 22555 -9999 -9999   15   72
30 -9999 22860 -9999 -9999   50   77
30 -9999 23164 -9999 -9999   55   72
30 -9999 23774 -9999 -9999   95   61
30 -9999 24384 -9999 -9999   90   92
30 -9999 24688 -9999 -9999  110   66
30 -9999 25298 -9999 -9999   80   92
30 -9999 26212 -9999 -9999   70  118
30 -9999 26822 -9999 -9999   95  149
30 -9999 27127 -9999 -9999  105  102
30 -9999 27432 -9999 -9999   60   66
30 -9999 27736 -9999 -9999   75   72
30 -9999 28346 -9999 -9999   50   77
30 -9999 28956 -9999 -9999   80  128
30 -9999 29870 -9999 -9999   65  154
30 -9999 30175 -9999 -9999   70  175
30 -9999 30480 -9999 -9999   75  159
