#7264920140101002304 133
21 99200B  287  -205B   34  350   15
20 98000 -9999  -213B   40-9999-9999
20 95200 -9999  -227B   29-9999-9999
20 94200 -9999  -215B   60-9999-9999
20 92900 -9999  -209B   70-9999-9999
10 92500   806B -201B   70   35   51
20 92000 -9999  -193B   90-9999-9999
20 91100 -9999  -189B  150-9999-9999
20 89000 -9999  -175B  180-9999-9999
20 87200 -9999  -179B  180-9999-9999
20 86800 -9999  -177B  190-9999-9999
10 85000  1438B -165B  220  340   66
20 84000 -9999  -155B  270-9999-9999
20 79500 -9999  -145B  360-9999-9999
20 75900 -9999  -143B  390-9999-9999
20 70800 -9999  -145B  430-9999-9999
20 70100 -9999  -147B  140-9999-9999
10 70000  2906B -147B  130  305  180
20 69500 -9999  -147B  120-9999-9999
20 68300 -9999  -147B   45-9999-9999
20 68100 -9999  -147B   42-9999-9999
20 66800 -9999  -151B   43-9999-9999
20 63100 -9999  -181B   31-9999-9999
20 62100 -9999  -183B   40-9999-9999
20 61100 -9999  -191B   31-9999-9999
20 59100 -9999  -205B   37-9999-9999
20 59000 -9999  -205B   37-9999-9999
20 58200 -9999  -211B   26-9999-9999
20 58100 -9999  -211B   26-9999-9999
20 57700 -9999  -213B   32-9999-9999
20 57600 -9999  -215B   34-9999-9999
20 54400 -9999  -241B   50-9999-9999
20 52400 -9999  -263B   34-9999-9999
20 51000 -9999  -277B   46-9999-9999
10 50000  5390B -287B   43  290  319
20 47800 -9999  -309B   40-9999-9999
20 47100 -9999  -317B   49-9999-9999
20 46600 -9999  -319B   50-9999-9999
20 45900 -9999  -323B   90-9999-9999
20 45200 -9999  -321B  190-9999-9999
20 45000 -9999  -319B  200-9999-9999
20 44200 -9999  -327B   90-9999-9999
20 43600 -9999  -327B   80-9999-9999
20 43100 -9999  -333B   70-9999-9999
20 41200 -9999  -357B   80-9999-9999
10 40000  6960B -375B   70  285  442
20 37300 -9999  -417B   49-9999-9999
20 30600 -9999  -531B   60-9999-9999
10 30000  8880B -537B   50  290  509
20 29000 -9999  -555B   40-9999-9999
20 26400 -9999  -601B   70-9999-9999
30 25300 -9999 -9999 -9999  295  576
10 25000 10030B -623B   60  295  571
22 24700 -9999  -627B   60  295  555
20 24200 -9999  -613B   70-9999-9999
20 23000 -9999  -619B   90-9999-9999
20 22400 -9999  -613B  100-9999-9999
20 22100 -9999  -619B  100-9999-9999
20 21200 -9999  -617B  120-9999-9999
20 20600 -9999  -605B  130-9999-9999
10 20000 11410B -605B  150  290  463
20 19900 -9999  -603B  150-9999-9999
20 19000 -9999  -589B  180-9999-9999
20 17600 -9999  -583B  230-9999-9999
20 17300 -9999  -569B  240-9999-9999
20 16600 -9999  -565B  270-9999-9999
20 15900 -9999  -575B  300-9999-9999
20 15400 -9999  -565B  310-9999-9999
10 15000 13220B -579B  310  290  401
20 14700 -9999  -583B  310-9999-9999
20 14100 -9999  -581B  310-9999-9999
20 13800 -9999  -571B  320-9999-9999
20 12600 -9999  -565B  320-9999-9999
20 12100 -9999  -579B  320-9999-9999
20 10500 -9999  -577B  320-9999-9999
10 10000 15780B -569B  320  285  416
20  8970 -9999  -581B  320-9999-9999
20  8200 -9999  -559B  320-9999-9999
20  7660 -9999  -565B  320-9999-9999
10  7000 18040B -585B  310  290  360
20  6170 -9999  -631B  300-9999-9999
20  5500 -9999  -649B  300-9999-9999
20  5050 -9999  -637B  300-9999-9999
10  5000 20110B -639B  300  280  463
20  4660 -9999  -657B  290-9999-9999
20  3790 -9999  -617B  300-9999-9999
20  3609 -9999  -641B  300-9999-9999
20  3050 -9999  -657B  290-9999-9999
10  3000 23240B -655B  290  275  437
20  2900 -9999  -643B  300-9999-9999
20  2560 -9999  -675B  290-9999-9999
20  2400 -9999  -665B  290-9999-9999
20  2190 -9999  -685B  290-9999-9999
20  2140 -9999  -667B  290-9999-9999
10  2000 25690B -667B  290  265  581
20  1910 -9999  -655B  290-9999-9999
20  1860 -9999  -627B  300-9999-9999
20  1660 -9999  -661B  290-9999-9999
20  1480 -9999  -643B  300-9999-9999
20  1400 -9999  -653B  290-9999-9999
20  1370 -9999  -629B  300  260  633
30 -9999   609 -9999 -9999   35   46
30 -9999  1219 -9999 -9999    0   51
30 -9999  1524 -9999 -9999  325   72
30 -9999  2133 -9999 -9999  315  113
30 -9999  2743 -9999 -9999  305  169
30 -9999  3657 -9999 -9999  295  216
30 -9999  3962 -9999 -9999  290  247
30 -9999  4267 -9999 -9999  290  262
30 -9999  4876 -9999 -9999  290  293
30 -9999  6096 -9999 -9999  295  386
30 -9999  6400 -9999 -9999  290  427
30 -9999  7010 -9999 -9999  285  442
30 -9999  7620 -9999 -9999  290  447
30 -9999  9144 -9999 -9999  290  504
30 -9999 10058 -9999 -9999  295  576
30 -9999 10363 -9999 -9999  290  489
30 -9999 13411 -9999 -9999  285  396
30 -9999 15240 -9999 -9999  285  386
30 -9999 16459 -9999 -9999  285  365
30 -9999 17068 -9999 -9999  285  437
30 -9999 17678 -9999 -9999  285  334
30 -9999 18288 -9999 -9999  290  370
30 -9999 20116 -9999 -9999  280  468
30 -9999 21336 -9999 -9999  275  437
30 -9999 21945 -9999 -9999  270  463
30 -9999 22860 -9999 -9999  275  458
30 -9999 23774 -9999 -9999  265  396
30 -9999 24384 -9999 -9999  270  458
30 -9999 25603 -9999 -9999  265  602
30 -9999 26822 -9999 -9999  265  509
30 -9999 27432 -9999 -9999  255  566
30 -9999 27736 -9999 -9999  260  633
