#7264920140101121128 121
21 99400B  287  -211B   44   20   15
20 99300B-9999  -215B   60-9999-9999
20 98700B-9999  -221B   60-9999-9999
20 95600 -9999  -239B   40-9999-9999
20 93900 -9999  -223B   80-9999-9999
20 92900 -9999  -203B  120-9999-9999
10 92500   819B -199B  130   55   56
20 89700 -9999  -181B  180-9999-9999
20 87300 -9999  -179B  200-9999-9999
10 85000  1450B -169B  230   20    5
20 80700 -9999  -155B  280-9999-9999
20 80100 -9999  -157B  220-9999-9999
20 79600 -9999  -159B  110-9999-9999
20 78600 -9999  -163B  120-9999-9999
20 78200 -9999  -165B  100-9999-9999
20 76800 -9999  -161B   20-9999-9999
20 73100 -9999  -165B    1-9999-9999
10 70000  2910B -185B    2  290  128
20 68300 -9999  -197B    4-9999-9999
20 67600 -9999  -167B   22-9999-9999
20 66400 -9999  -173B   60-9999-9999
20 65700 -9999  -173B   60-9999-9999
20 62100 -9999  -201B  100-9999-9999
20 60400 -9999  -205B  180-9999-9999
20 57900 -9999  -215B  200-9999-9999
20 55600 -9999  -233B  150-9999-9999
20 54600 -9999  -239B  200-9999-9999
20 53400 -9999  -245B  190-9999-9999
20 52100 -9999  -261B  220-9999-9999
10 50000  5390B -281B  170  285  350
20 48300 -9999  -301B  150-9999-9999
20 40800 -9999  -411B   35-9999-9999
10 40000  6940B -417B   36  270  391
20 36000 -9999  -461B   44-9999-9999
20 34100 -9999  -487B   60-9999-9999
20 32000 -9999  -503B   36-9999-9999
20 30400 -9999  -523B   60-9999-9999
10 30000  8840B -529B   70  260  617
20 29600 -9999  -537B   80-9999-9999
20 28400 -9999  -557B  110-9999-9999
30 27100 -9999 -9999 -9999  255  638
22 25500 -9999  -605B   80  260  602
20 25200 -9999  -603B   90-9999-9999
10 25000 10000B -591B  100  260  566
20 24900 -9999  -589B  100-9999-9999
20 24500 -9999  -589B  120-9999-9999
20 24200 -9999  -575B  140-9999-9999
20 22800 -9999  -595B  180-9999-9999
20 22100 -9999  -579B  210-9999-9999
20 21200 -9999  -581B  230-9999-9999
20 21000 -9999  -573B  240-9999-9999
20 20400 -9999  -571B  250-9999-9999
10 20000 11400B -573B  260  270  453
20 19300 -9999  -577B  270-9999-9999
20 18600 -9999  -567B  280-9999-9999
20 18200 -9999  -573B  270-9999-9999
20 17700 -9999  -557B  270-9999-9999
20 17000 -9999  -553B  280-9999-9999
20 15500 -9999  -563B  290-9999-9999
10 15000 13230B -557B  280  280  370
20 14400 -9999  -549B  290-9999-9999
20 12900 -9999  -559B  290-9999-9999
20 12100 -9999  -577B  280-9999-9999
20 11500 -9999  -567B  290-9999-9999
20 11200 -9999  -579B  290-9999-9999
20 11000 -9999  -571B  290-9999-9999
10 10000 15800B -579B  290  280  380
20  8380 -9999  -589B  290-9999-9999
22  7110 -9999  -629B  270  280  380
10  7000 18030B -629B  270  280  380
20  5120 -9999  -655B  250-9999-9999
10  5000 20080B -665B  240  285  411
20  4960 -9999  -669B  240-9999-9999
20  3909 -9999  -659B  250-9999-9999
20  3030 -9999  -673B  240-9999-9999
10  3000 23170B -677B  240  270  427
20  2530 -9999  -719B  210-9999-9999
20  2180 -9999  -695B  230-9999-9999
20  2080 -9999  -703B  230-9999-9999
10  2000 25580B -693B  230  280  514
20  1670 -9999  -629B  270-9999-9999
20  1570 -9999  -631B  270-9999-9999
20  1460 -9999  -669B  240-9999-9999
20  1330 -9999  -661B  250-9999-9999
20  1290 -9999  -619B  280-9999-9999
20  1260 -9999  -605B  290-9999-9999
20  1200 -9999  -591B  290-9999-9999
20  1090 -9999  -609B  290-9999-9999
30  1070 -9999 -9999 -9999  255  720
20  1030 -9999  -569B  310-9999-9999
10  1000 29840B -575B  310  250  679
20   960 -9999  -563B  310-9999-9999
30 -9999   609 -9999 -9999   85   51
30 -9999   914 -9999 -9999   65   51
30 -9999  1219 -9999 -9999   90   30
30 -9999  1828 -9999 -9999  305   30
30 -9999  2133 -9999 -9999  255   25
30 -9999  2438 -9999 -9999  275   82
30 -9999  2743 -9999 -9999  290  133
30 -9999  3657 -9999 -9999  290  241
30 -9999  3962 -9999 -9999  285  277
30 -9999  4267 -9999 -9999  290  283
30 -9999  4876 -9999 -9999  280  329
30 -9999  6096 -9999 -9999  275  355
30 -9999  6705 -9999 -9999  270  365
30 -9999  7620 -9999 -9999  265  447
30 -9999  9144 -9999 -9999  260  617
30 -9999  9448 -9999 -9999  255  638
30 -9999 10363 -9999 -9999  265  473
30 -9999 11582 -9999 -9999  275  416
30 -9999 15240 -9999 -9999  280  350
30 -9999 18288 -9999 -9999  290  401
30 -9999 21336 -9999 -9999  290  406
30 -9999 23469 -9999 -9999  270  396
30 -9999 24384 -9999 -9999  270  453
30 -9999 25908 -9999 -9999  280  550
30 -9999 26212 -9999 -9999  275  468
30 -9999 27432 -9999 -9999  250  555
30 -9999 28651 -9999 -9999  260  566
30 -9999 29260 -9999 -9999  255  720
30 -9999 29870 -9999 -9999  250  689
