#7271220140101002301 117
21 99300B  191  -187B   23    0    0
20 99000 -9999  -197B   38-9999-9999
20 94700 -9999  -211B   29-9999-9999
10 92500   718B -219B   27  285   56
20 89700 -9999  -233B   33-9999-9999
20 86000 -9999  -211B   29-9999-9999
10 85000  1340B -215B   30  300   92
20 78700 -9999  -239B   34-9999-9999
20 74900 -9999  -263B   31-9999-9999
10 70000  2753B -275B   26  260  133
20 69100 -9999  -279B   28-9999-9999
20 67200 -9999  -277B   26-9999-9999
20 62900 -9999  -307B   27-9999-9999
20 61300 -9999  -307B   29-9999-9999
20 55300 -9999  -341B   27-9999-9999
10 50000  5130B -393B   30  240  195
20 47900 -9999  -411B   30-9999-9999
20 46200 -9999  -433B   30-9999-9999
20 44800 -9999  -451B   47-9999-9999
20 42800 -9999  -477B   37-9999-9999
20 41700 -9999  -479B   33-9999-9999
20 41400 -9999  -479B   60-9999-9999
20 41000 -9999  -481B  100-9999-9999
20 40400 -9999  -487B  130-9999-9999
10 40000  6620B -491B  130  230  241
22 37200 -9999  -509B  160  240  283
20 32000 -9999  -507B  210-9999-9999
10 30000  8490B -489B  250  245  355
20 29800 -9999  -487B  260-9999-9999
20 27200 -9999  -493B  260-9999-9999
10 25000  9690B -487B  290  250  380
20 24300 -9999  -483B  310-9999-9999
20 23100 -9999  -487B  310-9999-9999
20 22500 -9999  -481B  320-9999-9999
10 20000 11160B -491B  320  250  391
20 18900 -9999  -493B  320-9999-9999
20 16400 -9999  -515B  320-9999-9999
10 15000 13030B -519B  320  245  422
20 14800 -9999  -521B  320-9999-9999
20 14200 -9999  -513B  320-9999-9999
30 13200 -9999 -9999 -9999  250  473
20 12500 -9999  -515B  320-9999-9999
20 11600 -9999  -531B  310-9999-9999
20 11000 -9999  -513B  320-9999-9999
20 10700 -9999  -527B  310-9999-9999
20 10300 -9999  -521B  320-9999-9999
20 10100 -9999  -509B  330-9999-9999
10 10000 15660B -509B  330  245  401
20  7340 -9999  -561B  300-9999-9999
10  7000 17950B -559B  300  245  401
20  6940 -9999  -561B  300-9999-9999
20  6719 -9999  -537B  320-9999-9999
20  6469 -9999  -551B  310-9999-9999
20  6190 -9999  -539B  310-9999-9999
20  5520 -9999  -559B  310-9999-9999
20  5200 -9999  -539B  320-9999-9999
10  5000 20100B -561B  300  240  447
20  4920 -9999  -569B  300-9999-9999
20  4680 -9999  -569B  300-9999-9999
20  4330 -9999  -601B  290-9999-9999
20  4190 -9999  -587B  290-9999-9999
20  4130 -9999  -563B  300-9999-9999
20  4040 -9999  -571B  300-9999-9999
20  3830 -9999  -555B  310-9999-9999
20  3540 -9999  -577B  300-9999-9999
20  3359 -9999  -563B  300-9999-9999
20  3180 -9999  -571B  300-9999-9999
20  3110 -9999  -555B  310-9999-9999
10  3000 23330B -561B  310  245  540
20  2970 -9999  -561B  310-9999-9999
20  2940 -9999  -545B  320-9999-9999
20  2820 -9999  -533B  320-9999-9999
20  2370 -9999  -567B  300-9999-9999
20  2190 -9999  -595B  290-9999-9999
10  2000 25900B -595B  290  245  545
20  1929 -9999  -583B  290-9999-9999
20  1650 -9999  -601B  290-9999-9999
20  1380 -9999  -545B  310-9999-9999
20  1300 -9999  -555B  310-9999-9999
20  1240 -9999  -521B  330-9999-9999
20  1130 -9999  -495B  330-9999-9999
20  1050 -9999  -511B  320-9999-9999
20  1030 -9999  -491B  340-9999-9999
20  1020 -9999  -451B  350-9999-9999
20  1010 -9999  -425B  360-9999-9999
10  1000 30320B -421B  360-9999-9999
20   970 -9999  -405B  370  235  859
20   900 -9999  -417B  360-9999-9999
20   839 -9999  -407A  370-9999-9999
20   750 -9999  -345A  390-9999-9999
30 -9999   609 -9999 -9999  290   46
30 -9999   914 -9999 -9999  295   72
30 -9999  1219 -9999 -9999  300   87
30 -9999  1828 -9999 -9999  320   97
30 -9999  2133 -9999 -9999  305   87
30 -9999  2438 -9999 -9999  275  108
30 -9999  2743 -9999 -9999  260  133
30 -9999  3657 -9999 -9999  245  169
30 -9999  4267 -9999 -9999  240  169
30 -9999  4876 -9999 -9999  235  180
30 -9999  6096 -9999 -9999  225  216
30 -9999  7620 -9999 -9999  240  293
30 -9999  8839 -9999 -9999  245  375
30 -9999  9144 -9999 -9999  245  365
30 -9999 10668 -9999 -9999  250  344
30 -9999 13716 -9999 -9999  250  473
30 -9999 15240 -9999 -9999  260  396
30 -9999 17678 -9999 -9999  245  447
30 -9999 18288 -9999 -9999  250  365
30 -9999 18592 -9999 -9999  250  437
30 -9999 19812 -9999 -9999  235  437
30 -9999 20421 -9999 -9999  250  447
30 -9999 21336 -9999 -9999  245  483
30 -9999 23469 -9999 -9999  245  540
30 -9999 24384 -9999 -9999  235  442
30 -9999 27432 -9999 -9999  250  653
30 -9999 30480 -9999 -9999  235  859
