#7271220140101121104 137
21 99400B  191  -229B   20  215   10
20 99300B-9999  -231B   48-9999-9999
20 98700 -9999  -227B   30-9999-9999
20 97800 -9999  -205B   27-9999-9999
20 97100 -9999  -205B   31-9999-9999
10 92500   722B -221B   27  300  123
20 90500 -9999  -229B   22-9999-9999
20 85900 -9999  -247B   29-9999-9999
10 85000  1340B -243B   35  285  180
20 83700 -9999  -241B   49-9999-9999
20 78500 -9999  -275B   36-9999-9999
20 76000 -9999  -293B   43-9999-9999
20 74900 -9999  -289B  110-9999-9999
20 73700 -9999  -289B  130-9999-9999
20 72300 -9999  -295B  120-9999-9999
20 70900 -9999  -299B   70-9999-9999
10 70000  2735B -305B   70  285  211
20 67300 -9999  -323B   70-9999-9999
20 66300 -9999  -323B  130-9999-9999
20 64500 -9999  -335B  120-9999-9999
20 62200 -9999  -339B  160-9999-9999
20 60100 -9999  -355B  130-9999-9999
20 54200 -9999  -391B  150-9999-9999
10 50000  5070B -413B  140  280  308
20 47900 -9999  -431B  140-9999-9999
20 46400 -9999  -437B  190-9999-9999
20 45100 -9999  -449B  150-9999-9999
20 43800 -9999  -447B  220-9999-9999
20 42400 -9999  -449B  210-9999-9999
10 40000  6570B -467B  210  280  411
20 36800 -9999  -487B  210-9999-9999
20 33700 -9999  -489B  240-9999-9999
22 31700 -9999  -507B  240  275  473
20 30100 -9999  -513B  210-9999-9999
10 30000  8450B -511B  210  275  489
20 29200 -9999  -505B  230-9999-9999
20 28200 -9999  -513B  230-9999-9999
20 27500 -9999  -507B  250-9999-9999
20 25600 -9999  -509B  270-9999-9999
10 25000  9640B -503B  300  270  478
20 23800 -9999  -503B  300-9999-9999
20 22400 -9999  -515B  300-9999-9999
20 20500 -9999  -519B  300-9999-9999
10 20000 11090B -529B  300  265  499
20 19600 -9999  -533B  300-9999-9999
20 18500 -9999  -509B  320-9999-9999
30 18200 -9999 -9999 -9999  265  530
20 17800 -9999  -523B  320-9999-9999
20 17200 -9999  -521B  320-9999-9999
20 15800 -9999  -539B  310-9999-9999
20 15300 -9999  -531B  310-9999-9999
10 15000 12950B -503B  330  275  519
20 14900 -9999  -497B  330-9999-9999
20 14700 -9999  -491B  340-9999-9999
20 13900 -9999  -507B  330-9999-9999
20 13200 -9999  -503B  330-9999-9999
20 12600 -9999  -511B  330-9999-9999
20 12000 -9999  -505B  330-9999-9999
20 11200 -9999  -525B  320-9999-9999
20 10700 -9999  -521B  330-9999-9999
20 10500 -9999  -529B  320-9999-9999
20 10300 -9999  -519B  330-9999-9999
10 10000 15580B -523B  330  260  432
20  7150 -9999  -593B  290-9999-9999
10  7000 17850B -589B  290  255  473
20  5790 -9999  -589B  290-9999-9999
20  5170 -9999  -637B  270-9999-9999
10  5000 19950B -623B  280  255  617
20  4870 -9999  -603B  280-9999-9999
20  4710 -9999  -549B  310-9999-9999
20  4240 -9999  -539B  320-9999-9999
20  4070 -9999  -517B  330-9999-9999
20  3670 -9999  -563B  300-9999-9999
20  3320 -9999  -525B  320-9999-9999
10  3000 23220B -547B  310-9999-9999
20  2930 -9999  -559B  310-9999-9999
20  2860 -9999  -545B  310-9999-9999
20  2610 -9999  -565B  300-9999-9999
20  2350 -9999  -531B  320-9999-9999
20  2050 -9999  -555B  310-9999-9999
10  2000 25810B -547B  310-9999-9999
20  1840 -9999  -519B  320-9999-9999
20  1629 -9999  -569B  300-9999-9999
20  1520 -9999  -571B  300-9999-9999
20  1480 -9999  -551B  310-9999-9999
20  1430 -9999  -555B  300-9999-9999
20  1320 -9999  -521B  320-9999-9999
20  1260 -9999  -543B  310-9999-9999
20  1190 -9999  -521B  320-9999-9999
20  1180 -9999  -495B  340-9999-9999
20  1160 -9999  -489B  330-9999-9999
20  1140 -9999  -451B  350-9999-9999
20  1100 -9999  -399B  370-9999-9999
20  1080 -9999  -405B  370-9999-9999
20  1030 -9999  -387B  370-9999-9999
10  1000 30310B -399B  370  250  844
20   980 -9999  -399B  370-9999-9999
20   950 -9999  -385B  370-9999-9999
20   910 -9999  -407B  360-9999-9999
20   900 -9999  -379B  380-9999-9999
20   830 -9999  -295B  400-9999-9999
20   740 -9999  -325B  390-9999-9999
30 -9999   609 -9999 -9999  295  118
30 -9999   914 -9999 -9999  300  123
30 -9999  1219 -9999 -9999  285  144
30 -9999  1524 -9999 -9999  285  195
30 -9999  1828 -9999 -9999  285  185
30 -9999  2133 -9999 -9999  290  180
30 -9999  2438 -9999 -9999  285  211
30 -9999  2743 -9999 -9999  285  211
30 -9999  3657 -9999 -9999  280  257
30 -9999  4267 -9999 -9999  280  283
30 -9999  4876 -9999 -9999  280  308
30 -9999  5791 -9999 -9999  275  319
30 -9999  6096 -9999 -9999  280  355
30 -9999  6705 -9999 -9999  275  437
30 -9999  7620 -9999 -9999  275  473
30 -9999  9144 -9999 -9999  275  473
30 -9999 11582 -9999 -9999  265  530
30 -9999 14020 -9999 -9999  275  473
30 -9999 15240 -9999 -9999  255  447
30 -9999 17068 -9999 -9999  255  411
30 -9999 18288 -9999 -9999  255  499
30 -9999 20116 -9999 -9999  255  622
30 -9999 21031 -9999 -9999  255  535
30 -9999 21336 -9999 -9999  250  545
30 -9999 22250 -9999 -9999  250  561
30 -9999 24079 -9999 -9999  235  555
30 -9999 24384 -9999 -9999  235  561
30 -9999 25298 -9999 -9999  230  561
30 -9999 27432 -9999 -9999  240  653
30 -9999 28956 -9999 -9999  245  751
30 -9999 29565 -9999 -9999  250  854
30 -9999 30175 -9999 -9999  250  808
30 -9999 30480 -9999 -9999  250  864
30 -9999 31699 -9999 -9999  240  962
30 -9999 32308 -9999 -9999  245  926
