#7438920140101121132  39
21100700B  125  -147B   11  255   15
20100100B-9999  -119B   15-9999-9999
10100000B  181B -119B   17  250   46
20 98600 -9999  -109B   32-9999-9999
20 96000 -9999  -117B   38-9999-9999
20 93000 -9999  -135B   60-9999-9999
10 92500   778B -139B   60  265   92
10 85000  1412B -197B   34  275  133
20 84400 -9999  -203B   30-9999-9999
20 80400 -9999  -233B   35-9999-9999
20 74100 -9999  -279B   37-9999-9999
20 73500 -9999  -277B   50-9999-9999
20 72900 -9999  -253B  170-9999-9999
20 72200 -9999  -245B  210-9999-9999
20 70400 -9999  -239B  250-9999-9999
10 70000  2827B -239B  260  285  339
20 67100 -9999  -231B  300-9999-9999
20 64600 -9999  -245B  290-9999-9999
20 59400 -9999  -241B  340-9999-9999
20 55200 -9999  -263B  330-9999-9999
20 53900 -9999  -267B  200-9999-9999
20 53700 -9999  -269B  200-9999-9999
20 50300 -9999  -301B  170-9999-9999
10 50000  5270B -303B  160  280  540
30 48700 -9999 -9999 -9999  280  545
20 45900 -9999  -347B  140-9999-9999
20 41000 -9999  -379B  160-9999-9999
10 40000  6820B -393B  140-9999-9999
20 37800 -9999  -419B  140-9999-9999
30 -9999   304 -9999 -9999  250   87
30 -9999   609 -9999 -9999  260   87
30 -9999   914 -9999 -9999  275  102
30 -9999  1219 -9999 -9999  280  128
30 -9999  1828 -9999 -9999  285  113
30 -9999  2133 -9999 -9999  295  190
30 -9999  2438 -9999 -9999  295  236
30 -9999  2743 -9999 -9999  285  339
30 -9999  3657 -9999 -9999  280  406
30 -9999  5486 -9999 -9999  280  545
