#7438920140101002321 138
21100300B  125  -141B   18  135   15
10100000B  146B -133B   26  165   15
20 99400 -9999  -121B   39-9999-9999
20 96200 -9999  -127B   60-9999-9999
20 93500 -9999  -139B   60-9999-9999
10 92500   740B -133B   60  270  102
20 90800 -9999  -137B   60-9999-9999
20 86900 -9999  -165B   27-9999-9999
10 85000  1379B -167B   34  280  138
20 82300 -9999  -175B   49-9999-9999
20 77200 -9999  -215B   11-9999-9999
20 76000 -9999  -223B   18-9999-9999
20 72700 -9999  -253B    4-9999-9999
20 71000 -9999  -255B   36-9999-9999
10 70000  2811B -261B   35  280  211
20 67600 -9999  -277B   29-9999-9999
20 66400 -9999  -273B   30-9999-9999
20 64100 -9999  -281B   38-9999-9999
20 62600 -9999  -291B   46-9999-9999
20 60000 -9999  -315B   27-9999-9999
20 59300 -9999  -317B   70-9999-9999
20 58900 -9999  -313B  160-9999-9999
20 58700 -9999  -313B  170-9999-9999
20 57200 -9999  -327B  160-9999-9999
20 56400 -9999  -329B  240-9999-9999
20 52200 -9999  -357B  180-9999-9999
20 51500 -9999  -355B  260-9999-9999
10 50000  5190B -357B  260  265  314
20 43400 -9999  -369B  310-9999-9999
20 41000 -9999  -391B  300-9999-9999
10 40000  6740B -393B  300  275  550
20 37700 -9999  -401B  300-9999-9999
30 34500 -9999 -9999 -9999  275  664
20 32000 -9999  -471B  230-9999-9999
20 30600 -9999  -469B  260-9999-9999
20 30100 -9999  -479B  260-9999-9999
10 30000  8670B -479B  260  270  617
20 28500 -9999  -481B  260-9999-9999
22 26000 -9999  -513B  240  270  622
10 25000  9860B -511B  270  270  555
20 24200 -9999  -509B  280-9999-9999
20 23800 -9999  -501B  280-9999-9999
20 22700 -9999  -515B  300-9999-9999
20 21800 -9999  -519B  300-9999-9999
20 21400 -9999  -511B  300-9999-9999
20 20900 -9999  -519B  300-9999-9999
20 20700 -9999  -513B  310-9999-9999
10 20000 11310B -519B  310  265  494
20 18400 -9999  -503B  320-9999-9999
20 17600 -9999  -521B  320-9999-9999
20 17400 -9999  -507B  320-9999-9999
20 17200 -9999  -509B  320-9999-9999
20 15600 -9999  -541B  310-9999-9999
20 15400 -9999  -533B  310-9999-9999
10 15000 13180B -535B  310  260  576
20 14400 -9999  -533B  310-9999-9999
20 13900 -9999  -519B  320-9999-9999
20 12600 -9999  -503B  330-9999-9999
20 11800 -9999  -513B  330-9999-9999
20 11200 -9999  -505B  330-9999-9999
20 10200 -9999  -523B  320-9999-9999
10 10000 15810B -533B  320  250  447
22  7819 -9999  -617B  270  240  447
20  7330 -9999  -609B  270-9999-9999
20  7160 -9999  -585B  290-9999-9999
10  7000 18050B -591B  280  245  478
20  6880 -9999  -595B  280-9999-9999
20  6640 -9999  -553B  310-9999-9999
20  6419 -9999  -561B  310-9999-9999
20  6050 -9999  -543B  320-9999-9999
20  5990 -9999  -519B  330-9999-9999
20  5890 -9999  -511B  330-9999-9999
20  5520 -9999  -507B  340-9999-9999
20  5170 -9999  -539B  320-9999-9999
20  5050 -9999  -523B  330-9999-9999
10  5000 20210B -527B  320  250  334
20  3540 -9999  -595B  290-9999-9999
20  3140 -9999  -555B  310-9999-9999
10  3000 23460B -557B  310  240  432
20  2840 -9999  -565B  310-9999-9999
20  2700 -9999  -593B  290-9999-9999
20  2300 -9999  -515B  330-9999-9999
20  2010 -9999  -537B  320-9999-9999
10  2000 26050B -537B  320  240  453
20  1900 -9999  -521B  330-9999-9999
20  1820 -9999  -531B  320-9999-9999
20  1679 -9999  -521B  330-9999-9999
20  1450 -9999  -561B  310-9999-9999
20  1310 -9999  -511B  340-9999-9999
20  1190 -9999  -509B  330-9999-9999
20  1090 -9999  -463B  350-9999-9999
10  1000 30540B -479B  340  245  669
20   989 -9999  -479B  340-9999-9999
20   970 -9999  -463B  350-9999-9999
20   960 -9999  -433B  360-9999-9999
20   939 -9999  -343B  390  245  746
20   839 -9999  -311A  400-9999-9999
30 -9999   304 -9999 -9999  230   51
30 -9999   609 -9999 -9999  255   97
30 -9999   914 -9999 -9999  280  118
30 -9999  1219 -9999 -9999  275  138
30 -9999  1828 -9999 -9999  280  164
30 -9999  2133 -9999 -9999  275  190
30 -9999  2438 -9999 -9999  275  195
30 -9999  2743 -9999 -9999  280  185
30 -9999  3657 -9999 -9999  270  226
30 -9999  3962 -9999 -9999  265  205
30 -9999  4267 -9999 -9999  265  241
30 -9999  4876 -9999 -9999  260  314
30 -9999  5181 -9999 -9999  265  314
30 -9999  6096 -9999 -9999  275  473
30 -9999  6400 -9999 -9999  275  519
30 -9999  7620 -9999 -9999  275  664
30 -9999  9144 -9999 -9999  270  597
30 -9999  9448 -9999 -9999  270  622
30 -9999 10058 -9999 -9999  265  530
30 -9999 10363 -9999 -9999  260  581
30 -9999 11277 -9999 -9999  265  483
30 -9999 13106 -9999 -9999  260  576
30 -9999 14325 -9999 -9999  265  530
30 -9999 14935 -9999 -9999  260  442
30 -9999 15240 -9999 -9999  250  463
30 -9999 16764 -9999 -9999  250  391
30 -9999 17983 -9999 -9999  245  483
30 -9999 18288 -9999 -9999  255  468
30 -9999 18592 -9999 -9999  260  458
30 -9999 19812 -9999 -9999  240  370
30 -9999 20421 -9999 -9999  250  329
30 -9999 21336 -9999 -9999  245  329
30 -9999 21640 -9999 -9999  245  329
30 -9999 23164 -9999 -9999  230  406
30 -9999 24079 -9999 -9999  245  473
30 -9999 24384 -9999 -9999  250  473
30 -9999 27432 -9999 -9999  245  514
30 -9999 27736 -9999 -9999  245  504
30 -9999 30480 -9999 -9999  245  669
30 -9999 31089 -9999 -9999  245  746
30 -9999 31699 -9999 -9999  250  715
