#7445520140101002310 137
21 99700B  229  -123B   17   50   30
20 99400B-9999  -127B   27-9999-9999
20 96700 -9999  -145B   19-9999-9999
20 95600 -9999  -131B   33-9999-9999
20 94600 -9999  -129B   25-9999-9999
20 93400 -9999  -115B   37-9999-9999
10 92500   803B -115B   35   90   25
20 91600 -9999  -113B   41-9999-9999
20 89400 -9999  -115B   26-9999-9999
20 88300 -9999  -101B   32-9999-9999
20 86400 -9999   -91B    5-9999-9999
10 85000  1455B  -81B    4  250  185
20 84800 -9999   -79B    5-9999-9999
20 82400 -9999   -45B   37-9999-9999
20 80900 -9999   -37B   70-9999-9999
20 78600 -9999   -53B   39-9999-9999
20 72400 -9999   -95B   33-9999-9999
10 70000  2971B  -95B   38  260  288
20 69400 -9999   -93B   49-9999-9999
20 67000 -9999  -107B   60-9999-9999
20 61900 -9999  -155B   48-9999-9999
20 61500 -9999  -155B   25-9999-9999
20 60500 -9999  -159B   12-9999-9999
20 58100 -9999  -177B    8-9999-9999
20 56300 -9999  -193B   27-9999-9999
10 50000  5490B -263B   15  280  360
20 49900 -9999  -263B   15-9999-9999
20 49700 -9999  -263B   24-9999-9999
20 49100 -9999  -261B  100-9999-9999
20 48800 -9999  -259B  110-9999-9999
20 48600 -9999  -255B   90-9999-9999
20 48500 -9999  -255B   90-9999-9999
20 47400 -9999  -265B  110-9999-9999
20 47200 -9999  -267B  100-9999-9999
20 46100 -9999  -277B  100-9999-9999
20 45600 -9999  -283B   90-9999-9999
20 44300 -9999  -299B   50-9999-9999
20 44200 -9999  -299B   50-9999-9999
10 40000  7080B -359B   44  280  458
20 38600 -9999  -381B   42-9999-9999
20 36600 -9999  -413B   29-9999-9999
20 33700 -9999  -455B   80-9999-9999
20 32000 -9999  -485B  100-9999-9999
20 30800 -9999  -507B   90-9999-9999
10 30000  9010B -525B  100  285  468
20 28000 -9999  -561B  120-9999-9999
20 27100 -9999  -581B   90-9999-9999
20 25500 -9999  -613B   80-9999-9999
10 25000 10160B -615B   80  290  442
22 24500 -9999  -621B   70  285  458
20 23600 -9999  -599B   90-9999-9999
20 22200 -9999  -619B  110-9999-9999
20 21700 -9999  -609B  120-9999-9999
20 21200 -9999  -609B  120-9999-9999
10 20000 11550B -585B  150  270  478
20 19900 -9999  -583B  150-9999-9999
30 18000 -9999 -9999 -9999  270  566
20 17900 -9999  -619B  160-9999-9999
20 17500 -9999  -599B  170-9999-9999
20 16500 -9999  -579B  180-9999-9999
10 15000 13350B -589B  190  275  463
20 14900 -9999  -591B  190-9999-9999
20 14200 -9999  -589B  190-9999-9999
20 14000 -9999  -577B  190-9999-9999
20 12700 -9999  -611B  190-9999-9999
20 12300 -9999  -607B  200-9999-9999
20 12100 -9999  -595B  200-9999-9999
20 11900 -9999  -589B  190-9999-9999
20 11200 -9999  -589B  180-9999-9999
20 10600 -9999  -565B  200-9999-9999
10 10000 15900B -575B  190  275  375
20  9540 -9999  -583B  220-9999-9999
20  8860 -9999  -567B  220-9999-9999
20  7310 -9999  -611B  210-9999-9999
10  7000 18140B -589B  210  275  401
20  6860 -9999  -589B  200-9999-9999
20  5540 -9999  -627B  200-9999-9999
20  5220 -9999  -601B  220-9999-9999
10  5000 20230B -615B  200  285  355
20  4530 -9999  -633B  200-9999-9999
20  4180 -9999  -589B  220-9999-9999
20  3909 -9999  -585B  220-9999-9999
20  3320 -9999  -647B  180-9999-9999
20  3180 -9999  -641B  190-9999-9999
10  3000 23390B -651B  190  255  391
20  2880 -9999  -655B  190-9999-9999
20  2730 -9999  -627B  210-9999-9999
20  2580 -9999  -643B  190-9999-9999
20  2470 -9999  -609B  210-9999-9999
20  2270 -9999  -607B  220-9999-9999
20  2180 -9999  -575B  240-9999-9999
10  2000 25900B -597B  230  250  540
20  1900 -9999  -619B  210-9999-9999
20  1840 -9999  -603B  220-9999-9999
20  1750 -9999  -609B  220-9999-9999
20  1710 -9999  -577B  240-9999-9999
20  1660 -9999  -573B  240-9999-9999
20  1400 -9999  -601B  230-9999-9999
20  1270 -9999  -591B  250-9999-9999
20  1200 -9999  -541B  260-9999-9999
20  1050 -9999  -561B  260-9999-9999
10  1000 30260B -539B  270  245  715
20   960 -9999  -521B  280-9999-9999
30   930 -9999 -9999 -9999  245  797
20   920 -9999  -491B  290-9999-9999
20   910 -9999  -473B  290-9999-9999
30 -9999   609 -9999 -9999   65   46
30 -9999   914 -9999 -9999  185   15
30 -9999  1219 -9999 -9999  240  128
30 -9999  1828 -9999 -9999  265  339
30 -9999  2133 -9999 -9999  265  339
30 -9999  2438 -9999 -9999  260  314
30 -9999  2743 -9999 -9999  260  303
30 -9999  3352 -9999 -9999  260  298
30 -9999  3657 -9999 -9999  265  308
30 -9999  4267 -9999 -9999  275  298
30 -9999  4876 -9999 -9999  275  344
30 -9999  6096 -9999 -9999  280  416
30 -9999  7010 -9999 -9999  280  458
30 -9999  7620 -9999 -9999  280  463
30 -9999  9144 -9999 -9999  285  468
30 -9999 10058 -9999 -9999  290  437
30 -9999 10972 -9999 -9999  275  514
30 -9999 11277 -9999 -9999  275  442
30 -9999 12192 -9999 -9999  270  566
30 -9999 13716 -9999 -9999  280  416
30 -9999 14325 -9999 -9999  265  494
30 -9999 15240 -9999 -9999  285  411
30 -9999 18288 -9999 -9999  275  396
30 -9999 21336 -9999 -9999  275  344
30 -9999 23164 -9999 -9999  265  360
30 -9999 24384 -9999 -9999  270  447
30 -9999 25603 -9999 -9999  245  530
30 -9999 26517 -9999 -9999  255  561
30 -9999 27432 -9999 -9999  255  576
30 -9999 30480 -9999 -9999  250  746
30 -9999 30784 -9999 -9999  245  797
