#7445520140101121113 136
21 99600B  229  -125B   28   65   61
20 98500 -9999  -133B   25-9999-9999
20 96700 -9999  -147B   16-9999-9999
20 95300 -9999  -147B    8-9999-9999
10 92500   790B -101B    2  110  123
20 92400 -9999   -99B    1-9999-9999
20 89600 -9999   -75B    5-9999-9999
10 85000  1448B  -69B    0  265   56
20 84300 -9999   -69B    0-9999-9999
20 83500 -9999   -43B    5-9999-9999
20 80900 -9999   -49B   14-9999-9999
20 79900 -9999   -47B   35-9999-9999
20 79300 -9999   -43B   16-9999-9999
20 77600 -9999   -35B   29-9999-9999
20 74200 -9999   -51B   39-9999-9999
20 72900 -9999   -61B   31-9999-9999
10 70000  2974B  -77B   40  260  185
20 68500 -9999   -85B   48-9999-9999
20 65400 -9999  -111B   26-9999-9999
20 63900 -9999  -123B   31-9999-9999
20 58700 -9999  -171B    8-9999-9999
20 51000 -9999  -245B   22-9999-9999
10 50000  5500B -253B   17  265  257
20 49100 -9999  -265B   11-9999-9999
20 47700 -9999  -267B   10-9999-9999
20 46900 -9999  -275B   33-9999-9999
20 45900 -9999  -285B   21-9999-9999
20 44400 -9999  -301B   23-9999-9999
20 40900 -9999  -333B   49-9999-9999
10 40000  7090B -347B   41  265  411
20 37500 -9999  -381B   32-9999-9999
20 32400 -9999  -463B   50-9999-9999
10 30000  9040B -507B   47  260  514
20 28700 -9999  -533B   48-9999-9999
20 26000 -9999  -581B   70-9999-9999
10 25000 10200B -599B   60  255  550
20 24400 -9999  -609B   60-9999-9999
20 23700 -9999  -609B   60-9999-9999
30 23300 -9999 -9999 -9999  255  581
20 22900 -9999  -623B   50-9999-9999
20 22300 -9999  -621B   50-9999-9999
22 21700 -9999  -629B   50  265  555
20 21400 -9999  -623B   60-9999-9999
20 20900 -9999  -625B   60-9999-9999
10 20000 11580B -607B  100  265  566
20 19700 -9999  -599B  110-9999-9999
20 19000 -9999  -605B  130-9999-9999
20 18700 -9999  -591B  150-9999-9999
20 18100 -9999  -593B  160-9999-9999
20 17000 -9999  -561B  190-9999-9999
20 15100 -9999  -601B  210-9999-9999
10 15000 13390B -601B  220  265  463
20 14300 -9999  -611B  200-9999-9999
20 14000 -9999  -599B  200-9999-9999
20 13400 -9999  -591B  200-9999-9999
20 12700 -9999  -599B  200-9999-9999
20 12600 -9999  -595B  210-9999-9999
20 12400 -9999  -581B  220-9999-9999
20 11900 -9999  -601B  210-9999-9999
20 11600 -9999  -599B  220-9999-9999
20 11200 -9999  -611B  210-9999-9999
20 10800 -9999  -605B  220-9999-9999
20 10500 -9999  -593B  230-9999-9999
10 10000 15920B -597B  240  280  406
20  8030 -9999  -579B  290-9999-9999
10  7000 18160B -615B  310  270  293
20  6240 -9999  -655B  290-9999-9999
20  5980 -9999  -643B  300-9999-9999
20  5650 -9999  -659B  290-9999-9999
20  5500 -9999  -643B  300-9999-9999
20  5060 -9999  -659B  290-9999-9999
10  5000 20210B -655B  290  280  365
20  4330 -9999  -641B  300-9999-9999
20  3909 -9999  -661B  290-9999-9999
20  3500 -9999  -651B  300-9999-9999
20  3359 -9999  -665B  290-9999-9999
10  3000 23320B -649B  300  275  396
20  2710 -9999  -625B  300-9999-9999
20  2590 -9999  -645B  300-9999-9999
20  2410 -9999  -635B  300-9999-9999
20  2250 -9999  -661B  290-9999-9999
20  2220 -9999  -647B  300-9999-9999
20  2020 -9999  -633B  300-9999-9999
10  2000 25800B -637B  300  260  540
20  1940 -9999  -643B  300-9999-9999
20  1800 -9999  -595B  310-9999-9999
20  1679 -9999  -589B  310-9999-9999
20  1570 -9999  -609B  310-9999-9999
20  1370 -9999  -589B  310-9999-9999
20  1290 -9999  -549B  320-9999-9999
20  1260 -9999  -501B  340-9999-9999
20  1230 -9999  -483B  340-9999-9999
20  1100 -9999  -509B  340-9999-9999
20  1060 -9999  -495B  340-9999-9999
20  1040 -9999  -465B  350-9999-9999
10  1000 30210B -461B  350  255  813
20   960 -9999  -459B  350-9999-9999
20   889 -9999  -405A  370  250  926
30 -9999   609 -9999 -9999  100  144
30 -9999   914 -9999 -9999  120   77
30 -9999  1219 -9999 -9999  165    5
30 -9999  1828 -9999 -9999  280  128
30 -9999  2133 -9999 -9999  275  159
30 -9999  2438 -9999 -9999  270  144
30 -9999  2743 -9999 -9999  265  175
30 -9999  3352 -9999 -9999  255  221
30 -9999  3657 -9999 -9999  260  221
30 -9999  4267 -9999 -9999  270  231
30 -9999  4876 -9999 -9999  270  231
30 -9999  5181 -9999 -9999  270  236
30 -9999  6096 -9999 -9999  265  303
30 -9999  7620 -9999 -9999  260  458
30 -9999  9144 -9999 -9999  260  514
30 -9999 10668 -9999 -9999  255  581
30 -9999 11887 -9999 -9999  270  566
30 -9999 12496 -9999 -9999  270  442
30 -9999 14325 -9999 -9999  270  483
30 -9999 15240 -9999 -9999  275  422
30 -9999 17678 -9999 -9999  280  277
30 -9999 18288 -9999 -9999  270  288
30 -9999 18897 -9999 -9999  265  293
30 -9999 19812 -9999 -9999  285  365
30 -9999 21336 -9999 -9999  275  375
30 -9999 22250 -9999 -9999  265  427
30 -9999 23774 -9999 -9999  270  401
30 -9999 24079 -9999 -9999  260  375
30 -9999 24384 -9999 -9999  260  406
30 -9999 24993 -9999 -9999  250  458
30 -9999 25908 -9999 -9999  260  566
30 -9999 26517 -9999 -9999  260  530
30 -9999 27432 -9999 -9999  255  586
30 -9999 27736 -9999 -9999  260  592
30 -9999 28651 -9999 -9999  255  736
30 -9999 29565 -9999 -9999  250  725
30 -9999 30480 -9999 -9999  255  859
30 -9999 30784 -9999 -9999  250  926
