#7449420140101002302 123
21101800B   16   -33B   50  290   30
20100900 -9999   -37B   90-9999-9999
10100000   154B  -41B   90  270   72
20 99900 -9999   -41B   90-9999-9999
10 92500   762B  -97B   60  280  118
20 88500 -9999  -123B   37-9999-9999
10 85000  1409B -141B   27  295  216
20 81400 -9999  -163B   27-9999-9999
20 80400 -9999  -159B   27-9999-9999
20 78200 -9999  -171B   38-9999-9999
20 74400 -9999  -191B   33-9999-9999
20 73200 -9999  -179B   27-9999-9999
20 72000 -9999  -183B   35-9999-9999
20 71100 -9999  -191B   60-9999-9999
10 70000  2865B -201B   60  260  272
20 69600 -9999  -205B   60-9999-9999
20 68600 -9999  -197B  140-9999-9999
20 66100 -9999  -217B  160-9999-9999
20 63800 -9999  -217B  170-9999-9999
20 60400 -9999  -231B  170-9999-9999
20 58900 -9999  -233B  180-9999-9999
20 57100 -9999  -219B  190-9999-9999
20 52700 -9999  -247B  190-9999-9999
20 50500 -9999  -247B  180-9999-9999
10 50000  5330B -251B  180  280  576
20 47800 -9999  -263B  170-9999-9999
10 40000  6920B -359B  140  275  689
20 32800 -9999  -471B  110-9999-9999
30 32000 -9999 -9999 -9999  270  761
20 30400 -9999  -503B  110-9999-9999
10 30000  8850B -503B  110  270  746
20 29500 -9999  -501B  110-9999-9999
20 29300 -9999  -489B  110-9999-9999
20 29000 -9999  -485B  110-9999-9999
22 26200 -9999  -525B  100  265  720
10 25000 10040B -525B  100  265  705
20 24800 -9999  -523B  100-9999-9999
20 23800 -9999  -531B  100-9999-9999
20 21600 -9999  -511B  110-9999-9999
20 21200 -9999  -517B  100-9999-9999
20 21000 -9999  -507B  110-9999-9999
10 20000 11480B -507B  110  265  561
20 19400 -9999  -511B  110-9999-9999
20 18400 -9999  -499B  110-9999-9999
20 17200 -9999  -525B  110-9999-9999
20 16700 -9999  -515B  110-9999-9999
20 16400 -9999  -519B  110-9999-9999
20 16200 -9999  -513B  110-9999-9999
20 15500 -9999  -527B  110-9999-9999
20 15100 -9999  -521B  110-9999-9999
10 15000 13350B -525B  110  255  540
22 11600 -9999  -599B  100  255  550
20 10900 -9999  -575B  100-9999-9999
20 10700 -9999  -559B  100-9999-9999
20 10600 -9999  -553B  100-9999-9999
10 10000 15930B -563B  100  260  463
30  9780 -9999 -9999 -9999  260  504
20  9390 -9999  -541B  100-9999-9999
20  8290 -9999  -603B  100-9999-9999
20  7850 -9999  -577B  100-9999-9999
10  7000 18180B -571B  100  245  437
20  6940 -9999  -567B  100-9999-9999
20  6400 -9999  -581B  100-9999-9999
20  5760 -9999  -565B  100-9999-9999
20  5150 -9999  -589B  100-9999-9999
10  5000 20300B -585B  100  255  380
20  4920 -9999  -575B  100-9999-9999
20  4490 -9999  -577B  100-9999-9999
20  4390 -9999  -561B  100-9999-9999
20  4240 -9999  -571B  100-9999-9999
20  4059 -9999  -545B  110-9999-9999
20  3890 -9999  -543B  110-9999-9999
20  3830 -9999  -517B  110-9999-9999
20  3600 -9999  -509B  110-9999-9999
20  3359 -9999  -523B  110-9999-9999
20  3090 -9999  -509B  110-9999-9999
10  3000 23580B -515B-9999  240  262
20  2620 -9999  -583B-9999-9999-9999
20  2350 -9999  -585B-9999-9999-9999
20  2100 -9999  -557B-9999-9999-9999
20  2020 -9999  -523B  110-9999-9999
10  2000 26160B -523B  110  250  473
20  1570 -9999  -479B  130-9999-9999
20  1460 -9999  -479B  130-9999-9999
30 -9999   304 -9999 -9999  260   87
30 -9999   609 -9999 -9999  270  118
30 -9999   914 -9999 -9999  285  144
30 -9999  1219 -9999 -9999  290  221
30 -9999  1524 -9999 -9999  295  241
30 -9999  1828 -9999 -9999  280  241
30 -9999  2133 -9999 -9999  275  252
30 -9999  2438 -9999 -9999  270  257
30 -9999  2743 -9999 -9999  260  288
30 -9999  3048 -9999 -9999  270  272
30 -9999  3657 -9999 -9999  265  370
30 -9999  4267 -9999 -9999  275  416
30 -9999  4876 -9999 -9999  275  489
30 -9999  5181 -9999 -9999  280  571
30 -9999  6096 -9999 -9999  275  617
30 -9999  7620 -9999 -9999  275  736
30 -9999  8534 -9999 -9999  270  761
30 -9999  9144 -9999 -9999  265  705
30 -9999 10972 -9999 -9999  265  658
30 -9999 11582 -9999 -9999  265  545
30 -9999 12192 -9999 -9999  250  550
30 -9999 14630 -9999 -9999  255  576
30 -9999 15240 -9999 -9999  260  504
30 -9999 16154 -9999 -9999  260  504
30 -9999 16459 -9999 -9999  245  422
30 -9999 17373 -9999 -9999  255  494
30 -9999 17678 -9999 -9999  255  370
30 -9999 18288 -9999 -9999  245  442
30 -9999 18897 -9999 -9999  250  324
30 -9999 20726 -9999 -9999  260  339
30 -9999 21031 -9999 -9999  240  370
30 -9999 21336 -9999 -9999  245  370
30 -9999 22555 -9999 -9999  235  375
30 -9999 23774 -9999 -9999  240  252
30 -9999 24384 -9999 -9999  240  308
30 -9999 25603 -9999 -9999  235  447
30 -9999 26212 -9999 -9999  250  473
30 -9999 27432 -9999 -9999  245  447
30 -9999 28041 -9999 -9999  240  386
