#7449420140101121112 135
21102500B   16   -45B   70  300   82
20102100B-9999   -45B   70-9999-9999
20100100 -9999   -61B  100-9999-9999
10100000   206B  -61B  100  295  138
20 94500 -9999  -101B   80-9999-9999
10 92500   810B -115B   80  290  185
20 88900 -9999  -141B   80-9999-9999
20 85500 -9999  -157B   90-9999-9999
10 85000  1452B -155B  100  305  175
20 82900 -9999  -163B  120-9999-9999
20 80600 -9999  -141B  220-9999-9999
20 76200 -9999  -157B  230-9999-9999
20 71400 -9999  -141B  250-9999-9999
10 70000  2919B -145B  250  280  339
20 68900 -9999  -147B  220-9999-9999
20 68200 -9999  -149B   80-9999-9999
20 67100 -9999  -151B   70-9999-9999
20 66500 -9999  -153B  100-9999-9999
20 65800 -9999  -157B   60-9999-9999
20 64000 -9999  -161B   80-9999-9999
20 58100 -9999  -201B   70-9999-9999
20 53600 -9999  -249B   70-9999-9999
20 52000 -9999  -267B   41-9999-9999
20 51100 -9999  -265B   42-9999-9999
10 50000  5410B -271B   47  275  509
20 49200 -9999  -279B   50-9999-9999
20 48400 -9999  -273B   70-9999-9999
20 42900 -9999  -325B   60-9999-9999
20 41000 -9999  -349B   40-9999-9999
10 40000  6990B -363B   38  275  648
20 38900 -9999  -377B   36-9999-9999
20 34100 -9999  -445B   60-9999-9999
10 30000  8930B -517B   60  275  715
20 29200 -9999  -531B   60-9999-9999
22 25300 -9999  -593B   60  275  746
10 25000 10090B -593B   60  275  746
20 24600 -9999  -573B   60-9999-9999
20 24100 -9999  -563B   60-9999-9999
20 22600 -9999  -589B   60-9999-9999
20 22100 -9999  -583B   60-9999-9999
30 21900 -9999 -9999 -9999  275  787
20 21600 -9999  -569B   60-9999-9999
20 21300 -9999  -573B   60-9999-9999
20 21000 -9999  -561B   60-9999-9999
10 20000 11500B -575B   60  275  710
20 19000 -9999  -587B   60-9999-9999
20 18000 -9999  -589B   60-9999-9999
20 17400 -9999  -575B   60-9999-9999
20 17200 -9999  -559B   70-9999-9999
20 17000 -9999  -551B   70-9999-9999
20 16100 -9999  -555B   70-9999-9999
20 15500 -9999  -569B   70-9999-9999
20 15200 -9999  -561B   70-9999-9999
10 15000 13320B -561B   70  270  555
20 14800 -9999  -563B   70-9999-9999
20 14700 -9999  -551B   70-9999-9999
20 14600 -9999  -551B   70-9999-9999
20 13500 -9999  -587B   70-9999-9999
20 12800 -9999  -571B   70-9999-9999
20 12500 -9999  -579B   70-9999-9999
20 12100 -9999  -577B   70-9999-9999
20 11400 -9999  -599B   70-9999-9999
20 11200 -9999  -587B   70-9999-9999
20 11000 -9999  -585B   70-9999-9999
20 10600 -9999  -567B   70-9999-9999
10 10000 15880B -573B   80  265  468
20  8680 -9999  -579B   80-9999-9999
20  8300 -9999  -595B   80-9999-9999
20  7400 -9999  -577B   80-9999-9999
10  7000 18120B -593B   80  255  386
20  6850 -9999  -599B   80-9999-9999
20  6530 -9999  -567B   80-9999-9999
20  6360 -9999  -567B   80-9999-9999
20  5940 -9999  -595B   80-9999-9999
20  5550 -9999  -589B   80-9999-9999
20  5310 -9999  -603B   80-9999-9999
10  5000 20230B -591B   80  260  386
20  4770 -9999  -579B   80-9999-9999
20  4520 -9999  -589B   80-9999-9999
20  4380 -9999  -573B   90-9999-9999
20  4030 -9999  -593B   90-9999-9999
20  3690 -9999  -589B   90-9999-9999
20  3470 -9999  -557B   90-9999-9999
20  3390 -9999  -567B   90-9999-9999
10  3000 23450B -543B  100  245  386
20  2870 -9999  -537B  100-9999-9999
20  2620 -9999  -553B  100-9999-9999
20  2500 -9999  -543B  100-9999-9999
20  2400 -9999  -559B  100-9999-9999
20  2280 -9999  -529B  110-9999-9999
20  2130 -9999  -523B  120-9999-9999
20  2020 -9999  -537B  120-9999-9999
10  2000 26060B -529B  120  235  468
20  1790 -9999  -495B  140-9999-9999
20  1250 -9999  -465B  180-9999-9999
30  1200 -9999 -9999 -9999  250  483
20  1110 -9999  -411B  200-9999-9999
10  1000 30650B -419B  210  245  458
20   939 -9999  -387B  220-9999-9999
30 -9999   304 -9999 -9999  295  154
30 -9999   609 -9999 -9999  290  195
30 -9999   914 -9999 -9999  290  180
30 -9999  1219 -9999 -9999  295  164
30 -9999  1524 -9999 -9999  305  175
30 -9999  1828 -9999 -9999  285  221
30 -9999  2133 -9999 -9999  280  231
30 -9999  2438 -9999 -9999  285  288
30 -9999  2743 -9999 -9999  285  329
30 -9999  3048 -9999 -9999  280  375
30 -9999  3657 -9999 -9999  280  386
30 -9999  4267 -9999 -9999  275  427
30 -9999  4876 -9999 -9999  275  447
30 -9999  6096 -9999 -9999  270  576
30 -9999  7010 -9999 -9999  275  648
30 -9999  7620 -9999 -9999  275  664
30 -9999  9144 -9999 -9999  275  715
30 -9999 10972 -9999 -9999  275  787
30 -9999 11887 -9999 -9999  270  597
30 -9999 12496 -9999 -9999  270  664
30 -9999 12801 -9999 -9999  270  566
30 -9999 14020 -9999 -9999  260  571
30 -9999 14630 -9999 -9999  270  478
30 -9999 14935 -9999 -9999  270  576
30 -9999 15240 -9999 -9999  270  514
30 -9999 18288 -9999 -9999  260  401
30 -9999 21031 -9999 -9999  255  324
30 -9999 21336 -9999 -9999  255  339
30 -9999 21945 -9999 -9999  250  406
30 -9999 23774 -9999 -9999  245  360
30 -9999 24384 -9999 -9999  240  380
30 -9999 25908 -9999 -9999  240  468
30 -9999 27432 -9999 -9999  240  458
30 -9999 29565 -9999 -9999  250  483
30 -9999 30480 -9999 -9999  245  463
30 -9999 30784 -9999 -9999  235  463
