#7456020140101121106 147
21 99900B  178   -57B   18   55   36
20 98100 -9999   -67B   17-9999-9999
20 96800 -9999   -41B   16-9999-9999
20 95600 -9999   -29B   19-9999-9999
20 94100 -9999     8B   70-9999-9999
10 92500   791B    6B   80  245  144
20 90000 -9999     6B   90-9999-9999
20 88700 -9999     2B   80-9999-9999
20 86800 -9999    10B  100-9999-9999
10 85000  1469B    0B   90  275  123
20 82000 -9999   -21B   70-9999-9999
20 77500 -9999   -45B   70-9999-9999
20 75400 -9999   -49B  110-9999-9999
20 73300 -9999   -35B  110-9999-9999
10 70000  3003B  -65B   90  255  175
20 66800 -9999   -99B   70-9999-9999
20 63200 -9999  -135B   27-9999-9999
20 60900 -9999  -151B   17-9999-9999
20 59900 -9999  -149B    7-9999-9999
20 59100 -9999  -151B   23-9999-9999
20 55900 -9999  -187B    8-9999-9999
20 53300 -9999  -211B   12-9999-9999
20 52900 -9999  -203B   16-9999-9999
20 52100 -9999  -205B   60-9999-9999
10 50000  5540B -225B   70  265  308
20 49700 -9999  -229B   70-9999-9999
20 48500 -9999  -241B  120-9999-9999
20 47500 -9999  -245B  150-9999-9999
20 44200 -9999  -273B  160-9999-9999
20 43800 -9999  -277B  150-9999-9999
20 43000 -9999  -289B   80-9999-9999
20 40900 -9999  -323B   60-9999-9999
10 40000  7150B -331B   80  260  360
20 39200 -9999  -337B  130-9999-9999
20 37200 -9999  -367B  130-9999-9999
20 34900 -9999  -411B   80-9999-9999
20 33400 -9999  -431B  110-9999-9999
20 31100 -9999  -475B   70-9999-9999
10 30000  9100B -495B   60  265  442
20 29600 -9999  -505B   70-9999-9999
20 28600 -9999  -521B   80-9999-9999
20 27700 -9999  -539B   80-9999-9999
10 25000 10270B -583B   70  260  494
22 22700 -9999  -619B   70  260  514
20 22100 -9999  -613B   90-9999-9999
20 21100 -9999  -619B   80-9999-9999
20 20900 -9999  -607B   90-9999-9999
30 20500 -9999 -9999 -9999  260  566
20 20100 -9999  -613B  100-9999-9999
10 20000 11660B -611B  110  260  550
20 19400 -9999  -591B  130-9999-9999
20 18600 -9999  -583B  160-9999-9999
20 18000 -9999  -591B  180-9999-9999
20 17800 -9999  -583B  190-9999-9999
20 17100 -9999  -603B  200-9999-9999
20 16800 -9999  -583B  210-9999-9999
20 15900 -9999  -603B  220-9999-9999
20 15400 -9999  -597B  240-9999-9999
10 15000 13460B -609B  230  265  514
20 14000 -9999  -607B  240-9999-9999
20 13200 -9999  -621B  250-9999-9999
20 12900 -9999  -615B  250-9999-9999
20 12600 -9999  -595B  260-9999-9999
20 11800 -9999  -607B  270-9999-9999
20 11600 -9999  -589B  280-9999-9999
20 11100 -9999  -599B  280-9999-9999
20 10500 -9999  -589B  290-9999-9999
20 10300 -9999  -595B  290-9999-9999
10 10000 15990B -595B  300  265  339
20  7510 -9999  -639B-9999-9999-9999
10  7000 18190B -629B-9999  280  334
20  6710 -9999  -617B-9999-9999-9999
20  6010 -9999  -639B-9999-9999-9999
20  5910 -9999  -619B-9999-9999-9999
10  5000 20270B -641B-9999  275  324
20  4800 -9999  -649B-9999-9999-9999
20  4630 -9999  -635B-9999-9999-9999
20  4180 -9999  -673B-9999-9999-9999
20  4080 -9999  -649B-9999-9999-9999
20  3780 -9999  -665B-9999-9999-9999
20  3380 -9999  -651B-9999-9999-9999
20  3330 -9999  -631B-9999-9999-9999
20  3200 -9999  -643B-9999-9999-9999
10  3000 23380B -629B-9999  265  386
20  2950 -9999  -633B-9999-9999-9999
20  2900 -9999  -619B-9999-9999-9999
20  2600 -9999  -641B-9999-9999-9999
20  2550 -9999  -621B-9999-9999-9999
20  2160 -9999  -633B-9999-9999-9999
20  2110 -9999  -599B-9999-9999-9999
20  2060 -9999  -589B-9999-9999-9999
20  2010 -9999  -545B-9999-9999-9999
10  2000 25890B -541B-9999  255  571
20  1979 -9999  -539B-9999-9999-9999
20  1710 -9999  -581B-9999-9999-9999
20  1560 -9999  -551B-9999-9999-9999
20  1450 -9999  -555B-9999-9999-9999
20  1260 -9999  -527B-9999-9999-9999
20  1220 -9999  -499B-9999-9999-9999
20  1150 -9999  -517B-9999-9999-9999
20  1080 -9999  -501B-9999-9999-9999
20  1040 -9999  -443B-9999-9999-9999
10  1000 30350B -451B-9999  260  870
20   980 -9999  -449B-9999-9999-9999
20   930 -9999  -375B-9999-9999-9999
30   910 -9999 -9999 -9999  255  911
20   850 -9999  -371A-9999-9999-9999
20   820 -9999  -347A-9999-9999-9999
20   760 -9999  -333A-9999-9999-9999
20   740 -9999  -351A-9999-9999-9999
20   710 -9999  -323A-9999-9999-9999
10   700 32830B -325A-9999  245  870
20   650 -9999  -335A-9999-9999-9999
30 -9999   609 -9999 -9999  220  102
30 -9999   914 -9999 -9999  255  175
30 -9999  1219 -9999 -9999  270  195
30 -9999  1524 -9999 -9999  280  128
30 -9999  1828 -9999 -9999  265  108
30 -9999  2133 -9999 -9999  230  154
30 -9999  2438 -9999 -9999  230  226
30 -9999  2743 -9999 -9999  255  180
30 -9999  3657 -9999 -9999  270  200
30 -9999  3962 -9999 -9999  270  195
30 -9999  4267 -9999 -9999  265  221
30 -9999  4876 -9999 -9999  270  231
30 -9999  5486 -9999 -9999  260  303
30 -9999  6096 -9999 -9999  265  334
30 -9999  7620 -9999 -9999  255  375
30 -9999  9144 -9999 -9999  265  442
30 -9999 11582 -9999 -9999  260  566
30 -9999 12192 -9999 -9999  270  478
30 -9999 13106 -9999 -9999  260  509
30 -9999 14325 -9999 -9999  270  519
30 -9999 15240 -9999 -9999  280  447
30 -9999 18288 -9999 -9999  280  314
30 -9999 20421 -9999 -9999  265  319
30 -9999 21336 -9999 -9999  275  375
30 -9999 22250 -9999 -9999  280  396
30 -9999 23774 -9999 -9999  250  427
30 -9999 24384 -9999 -9999  255  442
30 -9999 24688 -9999 -9999  255  416
30 -9999 25908 -9999 -9999  255  576
30 -9999 27127 -9999 -9999  255  576
30 -9999 27432 -9999 -9999  255  597
30 -9999 30480 -9999 -9999  260  885
30 -9999 31089 -9999 -9999  255  911
30 -9999 33223 -9999 -9999  245  859
