#7456020140101002305 148
21100100B  178   -13B   42  135   36
10100000B  186B  -11B   43  140   36
20 98700 -9999   -15B   60-9999-9999
20 93300 -9999   -41B   49-9999-9999
10 92500   805B  -35B   60  205  138
20 91200 -9999   -13B  110-9999-9999
20 90100 -9999    -3B  120-9999-9999
20 89400 -9999    12B  110-9999-9999
20 86900 -9999     2B   70-9999-9999
20 85400 -9999    10B   80-9999-9999
10 85000  1482B    6B   80  260  247
20 83400 -9999    -3B   90-9999-9999
20 82400 -9999   -11B   80-9999-9999
20 79900 -9999   -25B  130-9999-9999
20 78400 -9999   -37B   90-9999-9999
20 77400 -9999   -41B  140-9999-9999
20 76200 -9999   -47B  120-9999-9999
20 72900 -9999   -79B   80-9999-9999
20 71200 -9999   -83B   70-9999-9999
10 70000  3011B  -93B   60  275  283
20 69400 -9999   -97B   60-9999-9999
20 67800 -9999  -109B   70-9999-9999
20 66000 -9999  -125B   32-9999-9999
20 63900 -9999  -145B   16-9999-9999
20 62100 -9999  -153B   27-9999-9999
20 61500 -9999  -147B   60-9999-9999
20 60400 -9999  -157B   80-9999-9999
20 59500 -9999  -163B   48-9999-9999
20 59100 -9999  -163B   22-9999-9999
20 58700 -9999  -163B   17-9999-9999
20 56200 -9999  -191B    4-9999-9999
20 54700 -9999  -203B    7-9999-9999
20 54000 -9999  -205B   24-9999-9999
20 52700 -9999  -217B   19-9999-9999
20 51300 -9999  -217B   38-9999-9999
20 50400 -9999  -225B   50-9999-9999
10 50000  5540B -231B   80  285  350
20 49900 -9999  -233B   80-9999-9999
20 49600 -9999  -237B  130-9999-9999
20 49100 -9999  -235B  240-9999-9999
20 48000 -9999  -235B  200-9999-9999
20 43000 -9999  -307B  110-9999-9999
20 41600 -9999  -321B  180-9999-9999
10 40000  7140B -345B  190  285  370
20 32300 -9999  -475B  150-9999-9999
20 30500 -9999  -503B  180-9999-9999
10 30000  9080B -513B  170  270  442
20 26300 -9999  -577B  100-9999-9999
20 25200 -9999  -571B  110-9999-9999
10 25000 10240B -563B  110  270  525
20 24900 -9999  -559B  120-9999-9999
20 24600 -9999  -561B  130-9999-9999
20 22100 -9999  -609B  140-9999-9999
22 20200 -9999  -633B  140  265  581
10 20000 11630B -621B  140  270  571
20 19300 -9999  -595B  160-9999-9999
30 18800 -9999 -9999 -9999  260  592
20 18600 -9999  -607B  170-9999-9999
20 18300 -9999  -593B  190-9999-9999
20 17700 -9999  -607B  200-9999-9999
20 17200 -9999  -593B  220-9999-9999
20 16300 -9999  -615B  230-9999-9999
20 15400 -9999  -587B  260-9999-9999
10 15000 13430B -593B  270  270  499
20 14900 -9999  -593B  280-9999-9999
20 14600 -9999  -583B  290-9999-9999
20 14100 -9999  -593B  310-9999-9999
20 13900 -9999  -595B-9999-9999-9999
20 13600 -9999  -589B-9999-9999-9999
20 13300 -9999  -597B-9999-9999-9999
20 13100 -9999  -589B-9999-9999-9999
20 12400 -9999  -599B-9999-9999-9999
20 11800 -9999  -589B-9999-9999-9999
20 11400 -9999  -597B-9999-9999-9999
20 11000 -9999  -583B-9999-9999-9999
20 10600 -9999  -583B-9999-9999-9999
10 10000 15970B -597B-9999  270  411
20  9530 -9999  -585B-9999-9999-9999
22  7819 -9999  -633B-9999  280  370
20  7619 -9999  -615B-9999-9999-9999
10  7000 18180B -617B-9999  285  416
20  6840 -9999  -611B-9999-9999-9999
20  6760 -9999  -575B-9999-9999-9999
20  6490 -9999  -563B-9999-9999-9999
20  5990 -9999  -587B-9999-9999-9999
20  5660 -9999  -583B-9999-9999-9999
20  5050 -9999  -625B-9999-9999-9999
10  5000 20290B -617B-9999  270  314
20  4760 -9999  -621B-9999-9999-9999
20  4480 -9999  -593B-9999-9999-9999
20  3980 -9999  -633B-9999-9999-9999
20  3680 -9999  -635B-9999-9999-9999
20  3559 -9999  -611B-9999-9999-9999
20  3330 -9999  -607B-9999-9999-9999
10  3000 23450B -631B-9999  265  339
20  2940 -9999  -635B-9999-9999-9999
20  2760 -9999  -587B-9999-9999-9999
20  2410 -9999  -607B-9999-9999-9999
20  2210 -9999  -561B-9999-9999-9999
10  2000 26000B -571B-9999  250  447
20  1750 -9999  -589B-9999-9999-9999
20  1620 -9999  -571B-9999-9999-9999
20  1570 -9999  -545B-9999-9999-9999
20  1460 -9999  -563B-9999-9999-9999
20  1360 -9999  -541B-9999-9999-9999
20  1230 -9999  -555B-9999-9999-9999
20  1150 -9999  -527B-9999-9999-9999
20  1060 -9999  -527B-9999-9999-9999
10  1000 30420B -501B-9999  250  679
20   989 -9999  -497B-9999-9999-9999
20   880 -9999  -387A-9999-9999-9999
20   810 -9999  -391A-9999  250  823
30 -9999   609 -9999 -9999  170  108
30 -9999   914 -9999 -9999  225  169
30 -9999  1219 -9999 -9999  255  226
30 -9999  1524 -9999 -9999  260  247
30 -9999  1828 -9999 -9999  260  247
30 -9999  2133 -9999 -9999  265  252
30 -9999  2438 -9999 -9999  260  272
30 -9999  2743 -9999 -9999  265  272
30 -9999  3657 -9999 -9999  275  272
30 -9999  4267 -9999 -9999  275  298
30 -9999  4876 -9999 -9999  275  324
30 -9999  5791 -9999 -9999  290  355
30 -9999  6096 -9999 -9999  285  360
30 -9999  7620 -9999 -9999  280  380
30 -9999  8534 -9999 -9999  280  396
30 -9999  9144 -9999 -9999  270  447
30 -9999 11887 -9999 -9999  260  592
30 -9999 12496 -9999 -9999  265  499
30 -9999 13106 -9999 -9999  265  571
30 -9999 13716 -9999 -9999  275  483
30 -9999 15240 -9999 -9999  265  447
30 -9999 17983 -9999 -9999  280  355
30 -9999 18288 -9999 -9999  285  416
30 -9999 18592 -9999 -9999  285  334
30 -9999 19507 -9999 -9999  280  298
30 -9999 21336 -9999 -9999  265  298
30 -9999 22555 -9999 -9999  260  308
30 -9999 23774 -9999 -9999  265  350
30 -9999 24384 -9999 -9999  255  365
30 -9999 25603 -9999 -9999  245  463
30 -9999 27432 -9999 -9999  260  550
30 -9999 28651 -9999 -9999  250  504
30 -9999 29260 -9999 -9999  250  597
30 -9999 29870 -9999 -9999  245  566
30 -9999 30480 -9999 -9999  250  710
30 -9999 31699 -9999 -9999  250  823
